     0/299        0G    0.1114   0.09303   0.06574    0.2702       338       640  0.000204   0.02698 0.0001477 2.061e-05   0.09853   0.09547   0.06304
     1/299        0G    0.1074    0.1025   0.06391    0.2738       431       640 0.0001957   0.02647 0.0001074 1.545e-05    0.0974    0.0964   0.06088
     2/299        0G    0.1065    0.1007   0.06127    0.2685       360       640 0.0001916   0.02596  0.000347 8.465e-05   0.09716   0.09588   0.05887
     3/299        0G    0.1061    0.0994   0.05926    0.2647       372       640 0.0001928    0.0266 0.0001272 1.664e-05   0.09709   0.09557   0.05713
     4/299        0G    0.1065   0.09914     0.058    0.2636       362       640 0.0001887   0.02596 0.0001311 1.733e-05   0.09706   0.09534   0.05575
     5/299        0G     0.106    0.0979    0.0568    0.2607       366       640  0.000208   0.02864 0.0001649 2.249e-05   0.09702   0.09532   0.05461
     6/299        0G    0.1049    0.1001   0.05517    0.2601       409       640 0.0001994   0.04143 0.0001391     2e-05   0.09698   0.09526   0.05368
     7/299        0G    0.1048    0.1018   0.05449    0.2612       306       640 0.0001956   0.04053 0.0001127 1.652e-05   0.09733    0.0951   0.05292
     8/299        0G    0.1051    0.1005   0.05368    0.2592       374       640 0.0003021   0.02174 0.0001278 1.809e-05   0.09707   0.09508   0.05229
     9/299        0G    0.1046    0.1018   0.05294    0.2593       355       640 0.0001954   0.04028 0.0001081 1.669e-05   0.09742    0.0948   0.05174
    10/299        0G    0.1049   0.09999   0.05273    0.2576       443       640 0.0001996   0.04092 0.0001245 1.888e-05   0.09714   0.09487    0.0513
    11/299        0G    0.1038    0.1048   0.05142    0.2601       552       640     0.182   0.04079 0.0001294 1.886e-05   0.09716   0.09467   0.05091
    12/299        0G    0.1041    0.1018   0.05203    0.2579       380       640    0.2729     0.028 0.0001923 3.201e-05   0.09738   0.09449   0.05058
    13/299        0G    0.1038    0.1045    0.0514    0.2597       389       640    0.3639   0.02557  0.000148 2.112e-05   0.09734   0.09429   0.05048
    14/299        0G    0.1039    0.1015   0.05048    0.2559       441       640  0.002066 0.0005114  0.000188 3.178e-05   0.09791   0.09349   0.05039
    15/299        0G    0.1045    0.1017   0.05105    0.2572       347       640  0.007195 0.0007672 0.0002435 3.968e-05   0.09819   0.09253   0.05086
    16/299        0G    0.1033    0.1061   0.05058      0.26       422       640  0.001078  0.001918 0.0003223 5.778e-05    0.0987   0.09206   0.05119
    17/299        0G    0.1035     0.101   0.05072    0.2553       364       640  0.003234 0.0006393 0.0003973 7.143e-05   0.09826   0.09253   0.05057
    18/299        0G    0.1028    0.1013   0.05077    0.2549       293       640  0.001069  0.000895  0.000238 3.162e-05   0.09831    0.0926   0.05079
    19/299        0G    0.1034    0.1029   0.04996    0.2562       434       640  0.001916 0.0007672  0.000378 6.939e-05   0.09786   0.09304   0.04975
    20/299        0G    0.1031    0.1047   0.05027     0.258       427       640 0.0009466  0.001918 0.0004279 0.0001862   0.09763   0.09269   0.05018
    21/299        0G    0.1029    0.1059   0.04931    0.2581       532       640  0.001013   0.00179 0.0006205 0.0001158   0.09844   0.09195    0.0506
    22/299        0G    0.1034    0.1021    0.0503    0.2558       415       640  0.001519  0.002198 0.0006342 0.0001879    0.1032   0.08697   0.05285
    23/299        0G    0.1027     0.103   0.04955    0.2553       339       640 0.0004451   0.00537 0.0001454 2.157e-05    0.1002   0.09055   0.05173
    24/299        0G    0.1026    0.1041   0.04982    0.2565       358       640 0.0008809 0.0005114 0.0006017 6.796e-05   0.09824   0.09219   0.05095
    25/299        0G     0.103     0.102   0.04983    0.2549       372       640  0.001778  0.000895 0.0002506 5.217e-05   0.09765   0.09265   0.04985
    26/299        0G    0.1027    0.1029   0.05008    0.2557       434       640 0.0006577  0.001151 0.0006417 0.0001812   0.09764    0.0929   0.05039
    27/299        0G    0.1028    0.1023   0.04933    0.2544       429       640 0.0005718  0.004347 0.0002991 6.185e-05   0.09793   0.09174   0.04978
    28/299        0G    0.1026    0.1012   0.04865    0.2524       387       640  0.001753 0.0006393 0.0003494 8.275e-05   0.09787   0.09177   0.04943
    29/299        0G    0.1031    0.1021   0.04932    0.2545       382       640  0.001351  0.001151 0.0004243 9.612e-05   0.09807   0.09203   0.04963
    30/299        0G    0.1024    0.1023   0.04872    0.2535       359       640  0.003355   0.04739 0.0004006 7.889e-05    0.0978   0.09267   0.04923
    31/299        0G    0.1024   0.09838   0.04955    0.2503       321       640  0.007163   0.05568  0.001078 0.0001937   0.09678   0.09158   0.04892
    32/299        0G    0.1023    0.1021   0.04923    0.2536       411       640  0.008337    0.0557  0.001287  0.000275   0.09666   0.09103   0.04848
    33/299        0G    0.1019   0.09954   0.04931    0.2507       379       640   0.01021   0.04996  0.001278 0.0002205   0.09732   0.09084   0.04822
    34/299        0G    0.1006    0.1034   0.04833    0.2524       449       640  0.005594   0.04263 0.0003579 7.554e-05    0.0979   0.09098   0.04783
    35/299        0G    0.1002    0.1003   0.04809    0.2485       386       640  0.006056   0.07067  0.001519 0.0004151    0.0973   0.09045   0.04765
    36/299        0G    0.1006     0.102   0.04911    0.2517       403       640  0.009428   0.05981  0.004218 0.0009825   0.09611   0.09148   0.04769
    37/299        0G    0.1001   0.09978   0.04822    0.2481       413       640    0.1254   0.02124   0.01226  0.004038   0.09555   0.09105   0.04743
    38/299        0G   0.09886   0.09959   0.04793    0.2464       340       640   0.01356   0.06434  0.001456 0.0003238   0.09568   0.09032   0.04749
    39/299        0G   0.09849   0.09724     0.047    0.2427       338       640   0.01543   0.03676  0.005222  0.001089    0.0961   0.08913   0.04685
    40/299        0G   0.09843    0.1007   0.04667    0.2458       451       640   0.01384    0.1098  0.004688 0.0008666   0.09334   0.08934   0.04679
    41/299        0G   0.09606   0.09679   0.04695    0.2398       297       640    0.7728   0.03146   0.01557  0.004472   0.09098   0.08911   0.04567
    42/299        0G   0.09629   0.09656   0.04529    0.2381       379       640    0.1474   0.06145   0.03712  0.008499   0.09099    0.0856   0.04496
    43/299        0G   0.09559   0.09751    0.0458    0.2389       389       640    0.1205   0.08963   0.03682   0.01097   0.08873   0.08662   0.04467
    44/299        0G   0.09468   0.09644   0.04469    0.2358       418       640   0.02028    0.1006  0.006507  0.001705   0.09629   0.08563   0.04533
    45/299        0G   0.09451   0.09646   0.04506     0.236       421       640    0.4362   0.07156   0.03581   0.00794   0.08979   0.08523   0.04435
    46/299        0G   0.09213   0.09648   0.04339     0.232       446       640   0.08014   0.07275   0.03818   0.01017   0.08957   0.08571   0.04458
    47/299        0G    0.0915   0.09153   0.04263    0.2257       338       640   0.01631    0.1206   0.01472  0.003156   0.09369   0.08995    0.0454
    48/299        0G   0.09004   0.09408   0.04182    0.2259       456       640   0.06298    0.1037   0.03675  0.007371   0.08837   0.08436   0.04237
    49/299        0G    0.0904   0.09043   0.04132    0.2221       316       640   0.05601    0.1386   0.03533  0.007947   0.08797   0.09343   0.04144
    50/299        0G   0.08972   0.09193   0.04098    0.2226       358       640   0.06698   0.09402   0.02548  0.004809   0.08564    0.0807   0.04065
    51/299        0G   0.08823   0.09004   0.04021    0.2185       325       640     0.113   0.06305   0.03071  0.008372   0.08316   0.08212    0.0389
    52/299        0G   0.08736   0.09502   0.03883    0.2212       478       640   0.01342   0.08073  0.005636  0.001002   0.09212   0.08964   0.04382
    53/299        0G   0.08774   0.09059   0.03816    0.2165       432       640   0.08065   0.05518    0.0099  0.002621   0.08291   0.08913   0.03761
    54/299        0G   0.08714   0.08636   0.03791    0.2114       339       640   0.06206    0.1316   0.03946  0.009443   0.08229   0.07998   0.03641
    55/299        0G   0.08543   0.09148   0.03697    0.2139       359       640   0.09406   0.08854   0.03562  0.009729    0.0793   0.08101   0.03482
    56/299        0G   0.08561   0.08794   0.03594    0.2095       305       640    0.1359    0.1264   0.06208   0.01878   0.08387   0.07564   0.03536
    57/299        0G   0.08418   0.08795   0.03487     0.207       537       640    0.1316    0.1513   0.05728   0.01739   0.08144   0.08838   0.03684
    58/299        0G    0.0841   0.08896   0.03407    0.2071       390       640    0.1275    0.1271   0.04554   0.01204    0.0803    0.0914   0.03702
    59/299        0G   0.08258   0.08706    0.0334     0.203       398       640    0.1436     0.125   0.06746   0.01815   0.07816   0.07595   0.03342
    60/299        0G   0.08207   0.08545   0.03312    0.2006       314       640    0.1865    0.2067     0.122   0.04127   0.07474   0.07222   0.03122
    61/299        0G   0.08155   0.08814   0.03167    0.2014       413       640     0.211    0.1355   0.07967   0.02694   0.07646   0.08905   0.03118
    62/299        0G   0.08183   0.08837   0.03213    0.2023       389       640    0.1162      0.16   0.07891   0.02211   0.08036   0.07961   0.03255
    63/299        0G   0.08213   0.08919   0.03123    0.2025       478       640    0.1625    0.1487   0.08496   0.03155   0.07982   0.07541   0.03076
    64/299        0G   0.08119   0.08615   0.03098    0.1983       357       640   0.09236    0.1427   0.04915   0.01526   0.08349   0.08229   0.03318
    65/299        0G   0.07968   0.08309   0.03066    0.1934       343       640    0.1506     0.175    0.0817   0.02486   0.07536   0.07924   0.03051
    66/299        0G   0.08099    0.0872    0.0309    0.1991       426       640    0.1439    0.1938   0.08872   0.02911   0.07705   0.08049    0.0286
    67/299        0G   0.07934   0.08595   0.02935    0.1946       379       640    0.1401      0.18   0.07935   0.02541    0.0759   0.07943   0.02947
    68/299        0G   0.07992   0.08499   0.02975    0.1947       377       640    0.1794    0.2255   0.09782   0.02552   0.07672   0.07443   0.02905
    69/299        0G    0.0802   0.08737   0.02979    0.1974       390       640    0.2215    0.1691   0.09734   0.03574   0.07593   0.07657   0.02762
    70/299        0G   0.07963   0.08559   0.02864    0.1939       549       640    0.1455    0.1407   0.08238   0.02941   0.07437   0.07879   0.02891
    71/299        0G   0.07844   0.08671   0.02789     0.193       508       640    0.1376    0.1616   0.07027   0.02201   0.07616    0.3934    0.0298
    72/299        0G   0.07733   0.08396    0.0286    0.1899       396       640    0.1056    0.1538   0.05566   0.01612   0.07834   0.07502   0.02961
    73/299        0G   0.07711   0.08193   0.02777    0.1868       325       640    0.1805    0.1951   0.09913   0.03166   0.07543   0.07475   0.02669
    74/299        0G   0.07771   0.08382   0.02834    0.1899       354       640    0.2086    0.2217    0.1347   0.05148   0.07701   0.06843   0.02576
    75/299        0G   0.07622   0.08218   0.02648    0.1849       439       640    0.3346    0.2479    0.1964   0.07301   0.07056   0.06962   0.02532
    76/299        0G   0.07691   0.08247   0.02771    0.1871       349       640    0.2301    0.2436     0.138     0.051   0.07288   0.06747   0.02433
    77/299        0G   0.07556   0.08428   0.02658    0.1864       430       640    0.2496    0.2374    0.1719   0.06565   0.07169   0.07519   0.02557
    78/299        0G   0.07439   0.08454   0.02608     0.185       410       640    0.1951    0.2495    0.1247   0.04274   0.07109   0.07026   0.02525
    79/299        0G    0.0756   0.08149   0.02596    0.1831       407       640    0.2121    0.2387     0.169   0.06007   0.07321   0.07118   0.02552
    80/299        0G   0.07549   0.08217   0.02586    0.1835       329       640    0.1632    0.2011    0.1101   0.03574   0.07416   0.07583   0.02613
    81/299        0G   0.07496   0.08188   0.02505    0.1819       477       640    0.3135    0.2498    0.1859    0.0559   0.07185   0.06877   0.02497
    82/299        0G   0.07483   0.08193   0.02497    0.1817       393       640    0.4299    0.3025    0.2604   0.09939   0.06624   0.06608   0.02271
    83/299        0G   0.07453   0.07876   0.02472     0.178       362       640    0.2735    0.2263    0.1581   0.05577   0.07186   0.07742   0.02562
    84/299        0G   0.07209    0.0828   0.02475    0.1796       449       640    0.3121    0.2415     0.172    0.0622   0.07003   0.08125   0.02435
    85/299        0G   0.07219   0.08147   0.02399    0.1776       361       640    0.3331    0.2404    0.2005   0.07674   0.06779    0.0708   0.02336
    86/299        0G   0.07264   0.08043   0.02449    0.1776       365       640    0.4014    0.2746    0.2362   0.08314   0.06746    0.0641   0.02177
    87/299        0G   0.07157   0.08123   0.02374    0.1765       292       640     0.358    0.2737    0.2195   0.07581   0.06743     0.067   0.02223
    88/299        0G   0.07379   0.08242   0.02358    0.1798       444       640    0.4195    0.2957    0.2426   0.09765   0.06753   0.07047   0.02243
    89/299        0G    0.0715   0.08113   0.02293    0.1756       428       640    0.3669    0.3061    0.2534   0.09365   0.06626   0.06615   0.02108
    90/299        0G   0.07138   0.08222   0.02357    0.1772       473       640    0.2776    0.2574    0.1657    0.0532    0.0698   0.06764   0.02252
    91/299        0G   0.07163   0.07972   0.02321    0.1746       430       640    0.2045    0.2254    0.1267   0.03593    0.0742   0.08746   0.02304
    92/299        0G   0.07095   0.07895   0.02221    0.1721       408       640     0.268    0.2948    0.1934   0.06556    0.0691   0.06874   0.02119
    93/299        0G   0.07185   0.07927   0.02274    0.1739       407       640    0.3938     0.304    0.2396   0.08728    0.0658   0.06997   0.02085
    94/299        0G   0.07156   0.08024    0.0232     0.175       391       640    0.3515    0.2618    0.2081   0.06824   0.07014    0.0719   0.02205
    95/299        0G   0.07023   0.07782   0.02201    0.1701       372       640     0.317    0.2766    0.2201    0.0726   0.06657   0.06514   0.01997
    96/299        0G    0.0697   0.07759   0.02125    0.1685       351       640    0.2412     0.258    0.1557   0.04891   0.07046   0.06812   0.02172
    97/299        0G   0.07002    0.0804   0.02248    0.1729       343       640    0.5265    0.2987    0.2799   0.08249   0.06641   0.06785   0.01995
    98/299        0G   0.07023   0.07933   0.02175    0.1713       346       640    0.2533    0.2811    0.1678   0.05951   0.07001   0.06414     0.019
    99/299        0G    0.0686   0.07867   0.02115    0.1684       361       640    0.4139    0.2919    0.2365   0.08135   0.06548   0.08366   0.01896
   100/299        0G   0.06843    0.0775   0.02102     0.167       454       640    0.4183    0.2836    0.2537    0.0877   0.06623   0.06378   0.01888
   101/299        0G   0.06897   0.08086   0.02105    0.1709       455       640    0.4455    0.3137    0.2786    0.1025   0.06446   0.06769   0.01903
   102/299        0G   0.06868   0.07981   0.01982    0.1683       349       640    0.3792     0.278    0.1863   0.04893   0.06943    0.3147   0.01977
   103/299        0G   0.06878   0.07831   0.02063    0.1677       358       640    0.2315    0.2656    0.1616   0.05105   0.06913    0.1394   0.02123
   104/299        0G   0.06747   0.07723   0.02036    0.1651       321       640    0.4149    0.3073    0.2713   0.09087   0.06442   0.07321    0.0193
   105/299        0G    0.0674    0.0802   0.02023    0.1678       399       640    0.5704    0.3184    0.3246    0.1246   0.06307     0.064   0.01833
   106/299        0G    0.0675   0.07911   0.01948    0.1661       390       640    0.3353    0.3241    0.2698   0.09161   0.06495   0.06347   0.01809
   107/299        0G   0.06774   0.07813   0.02008    0.1659       438       640    0.5185    0.3263    0.3274     0.127   0.06102   0.06516   0.01805
   108/299        0G   0.06524   0.07777   0.02006    0.1631       384       640    0.5825    0.3059     0.314     0.104   0.06319    0.0673   0.01874
   109/299        0G   0.06678   0.07642   0.01898    0.1622       481       640    0.6303    0.3364    0.3526    0.1399   0.06115   0.06321   0.01711
   110/299        0G   0.06728   0.07479   0.01967    0.1617       255       640    0.4368    0.2243    0.1986   0.05842   0.07061   0.07063   0.02003
   111/299        0G   0.06792   0.07493    0.0199    0.1627       396       640    0.5919    0.3096    0.3089   0.09959   0.06562     0.275   0.01826
   112/299        0G   0.06471   0.07669   0.01868    0.1601       419       640     0.681    0.2959    0.3063    0.1181   0.06206    0.1065   0.01727
   113/299        0G   0.06371   0.07754   0.01857    0.1598       402       640    0.5464     0.295    0.2894   0.09989   0.06432   0.07914   0.01786
   114/299        0G   0.06571   0.07689   0.01877    0.1614       385       640    0.6188    0.3339    0.3186    0.1072   0.06047   0.08992   0.01654
   115/299        0G   0.06529   0.07391   0.01829    0.1575       466       640    0.5745    0.3349    0.3248    0.1185   0.06141   0.06133   0.01579
   116/299        0G    0.0641   0.07505   0.01786     0.157       426       640    0.6804    0.3312    0.3665    0.1464   0.06098   0.06718   0.01585
   117/299        0G   0.06378   0.07716   0.01687    0.1578       353       640    0.7111    0.3191    0.3489    0.1353   0.05923   0.06535   0.01584
   118/299        0G   0.06329   0.07749   0.01789    0.1587       373       640    0.5612    0.3423    0.3631    0.1362   0.05928   0.05982   0.01463
   119/299        0G   0.06404   0.07304   0.01743    0.1545       259       640    0.5569    0.3395    0.3302    0.1132   0.06163   0.06384   0.01485
   120/299        0G   0.06378   0.07433   0.01778    0.1559       454       640    0.6246    0.3375     0.363    0.1237   0.06028   0.06191   0.01458
   121/299        0G   0.06343   0.07466   0.01743    0.1555       260       640    0.6523    0.3538    0.4001    0.1581   0.05696   0.06006   0.01483
   122/299        0G   0.06326   0.07676   0.01698     0.157       459       640    0.6674    0.3515    0.3841    0.1348   0.06109   0.05743   0.01436
   123/299        0G   0.06321   0.07413   0.01673    0.1541       459       640    0.4805    0.3449      0.34    0.1237   0.05961   0.06303   0.01485
   124/299        0G   0.06363   0.07407     0.017    0.1547       428       640    0.6432    0.3743    0.4142    0.1432   0.05752    0.0599   0.01368
   125/299        0G   0.06214   0.07245   0.01593    0.1505       446       640    0.6373    0.3642    0.3854    0.1275   0.05746   0.05908    0.0143
   126/299        0G   0.06237   0.07416   0.01682    0.1533       410       640    0.5882    0.3525    0.3686    0.1357   0.05861   0.06441   0.01496
   127/299        0G   0.06133   0.07531   0.01658    0.1532       378       640    0.7118    0.3646    0.4136    0.1618   0.05704   0.07056   0.01475
   128/299        0G   0.06177    0.0752   0.01653    0.1535       449       640    0.2421    0.1911    0.1384   0.04441   0.06887    0.0778   0.02241
   129/299        0G   0.06375   0.07602   0.01717    0.1569       432       640   0.08102   0.08679    0.0347   0.01137   0.08565     0.156   0.03509
   130/299        0G   0.06191   0.07443   0.01598    0.1523       428       640    0.3804    0.2515    0.2353   0.09197   0.06551   0.08006   0.01916
   131/299        0G   0.06191   0.07302   0.01645    0.1514       377       640     0.668    0.3368    0.3704    0.1453   0.05827   0.06247   0.01503
   132/299        0G   0.06156   0.07161   0.01626    0.1494       284       640    0.7045    0.3724    0.4019    0.1615   0.05642   0.06067   0.01441
   133/299        0G   0.06056   0.07368   0.01604    0.1503       363       640    0.6748    0.3604    0.4041     0.161   0.05618   0.06161   0.01412
   134/299        0G    0.0611   0.07316   0.01606    0.1503       396       640     0.609    0.3551    0.3723    0.1465   0.05732   0.06177   0.01403
   135/299        0G   0.06116   0.07414   0.01613    0.1514       572       640    0.5805    0.4007    0.4217    0.1714   0.05484   0.05789   0.01268
   136/299        0G    0.0606   0.07337    0.0161    0.1501       375       640    0.7174    0.3848     0.444    0.1857   0.05391   0.05643   0.01277
   137/299        0G   0.06069   0.07305   0.01585    0.1496       368       640    0.6762    0.3762     0.424    0.1597     0.055   0.05964   0.01306
   138/299        0G   0.06049   0.07224   0.01551    0.1482       295       640    0.6444    0.3509    0.3801    0.1344   0.05744   0.06124   0.01459
   139/299        0G   0.06002   0.07185   0.01498    0.1469       397       640    0.6053    0.3662    0.3876    0.1287   0.05939   0.05716   0.01265
   140/299        0G   0.06004   0.07289    0.0151     0.148       426       640    0.6941    0.3974    0.4549    0.1801   0.05471   0.05521   0.01231
   141/299        0G   0.05797   0.07179   0.01468    0.1444       316       640    0.7713    0.4053    0.4827    0.2094   0.05084   0.05482   0.01213
   142/299        0G   0.05978   0.07176   0.01471    0.1463       421       640    0.7615    0.4097    0.4818    0.1888   0.05272   0.05479    0.0118
   143/299        0G   0.05874   0.07201   0.01502    0.1458       345       640    0.6853    0.4122     0.463    0.1833    0.0523   0.05538   0.01192
   144/299        0G   0.05735   0.06641   0.01374    0.1375       365       640    0.7214     0.419    0.4839    0.1963   0.05193   0.05403   0.01168
   145/299        0G   0.05817   0.07013   0.01455    0.1428       372       640    0.7744    0.4047    0.4834    0.1989   0.05196    0.0545    0.0117
   146/299        0G   0.05936   0.07078   0.01479    0.1449       280       640    0.7049    0.4074    0.4603    0.1668   0.05506   0.05331   0.01168
   147/299        0G    0.0577   0.07055   0.01491    0.1432       391       640    0.7409    0.4315    0.5039    0.2054   0.05053   0.05374   0.01168
   148/299        0G   0.05724   0.07063   0.01445    0.1423       434       640    0.7356    0.4388    0.5103    0.2054   0.05099   0.05396   0.01143
   149/299        0G   0.05751   0.07002   0.01509    0.1426       303       640     0.788    0.4227    0.5129     0.219   0.04919   0.05284   0.01137
   150/299        0G   0.05639   0.06787   0.01371     0.138       343       640    0.7596    0.4299    0.5079    0.2073   0.05059   0.05278   0.01128
   151/299        0G   0.05687   0.06743   0.01392    0.1382       392       640    0.6643    0.4326    0.4895    0.1892   0.05233   0.05247    0.0111
   152/299        0G    0.0589    0.0709   0.01492    0.1447       468       640    0.7421    0.4417    0.5035    0.1972   0.05189   0.05216   0.01101
   153/299        0G   0.05715   0.07062   0.01381    0.1416       434       640    0.7581    0.4107    0.4966    0.2088   0.04968   0.05437   0.01129
   154/299        0G   0.05711   0.06918   0.01434    0.1406       287       640    0.7231    0.4401     0.512    0.2148   0.05009    0.0534   0.01105
   155/299        0G   0.05727   0.06842   0.01417    0.1399       445       640    0.7218    0.4205    0.4912    0.2021   0.05259   0.05079   0.01091
   156/299        0G   0.05624    0.0687   0.01383    0.1388       404       640    0.7318    0.4416    0.5149    0.2154   0.04917   0.05304   0.01069
   157/299        0G   0.05603   0.07046   0.01373    0.1402       408       640    0.7223      0.45     0.523    0.2209   0.04958   0.05164   0.01091
   158/299        0G   0.05636   0.07037   0.01403    0.1408       462       640     0.738    0.4407    0.5174    0.2222   0.04889   0.05263   0.01086
   159/299        0G   0.05628   0.07047   0.01387    0.1406       404       640    0.7588    0.4324    0.5161    0.2192   0.05033   0.05145   0.01099
   160/299        0G   0.05596   0.06809   0.01319    0.1372       388       640    0.6841    0.4473    0.5147    0.2089   0.05091   0.05139   0.01057
   161/299        0G   0.05641   0.06888   0.01346    0.1387       415       640    0.7291    0.4659    0.5384    0.2243   0.04864   0.05196   0.01046
   162/299        0G   0.05414   0.06784   0.01261    0.1346       395       640     0.721    0.4538    0.5259    0.2266   0.04915    0.0523   0.01066
   163/299        0G   0.05546   0.06795   0.01329    0.1367       390       640    0.7058    0.4754    0.5428    0.2305   0.04869   0.05158   0.01012
   164/299        0G   0.05558   0.06834   0.01304     0.137       423       640    0.7415    0.4619    0.5457    0.2337   0.04802   0.05083   0.01011
   165/299        0G   0.05572   0.06701   0.01343    0.1362       384       640    0.7215    0.4703    0.5402    0.2305   0.04836   0.05079   0.01052
   166/299        0G   0.05467    0.0673   0.01304     0.135       364       640    0.7192    0.4746    0.5511    0.2309   0.04854   0.05117   0.01018
   167/299        0G   0.05416   0.06615   0.01323    0.1335       379       640    0.7383    0.4404    0.5202    0.2094   0.05042   0.05075   0.01037
   168/299        0G   0.05521   0.06903   0.01384    0.1381       380       640    0.7373    0.4529    0.5316     0.197   0.05092   0.05037  0.009946
   169/299        0G   0.05416   0.06685   0.01261    0.1336       392       640    0.7393    0.4548    0.5349     0.203   0.05114   0.04991   0.01009
   170/299        0G   0.05441   0.06636   0.01296    0.1337       317       640     0.699     0.503    0.5724    0.2471   0.04673   0.05057  0.009924
   171/299        0G   0.05446   0.06414   0.01318    0.1318       349       640    0.7726    0.4786    0.5716    0.2345   0.04775   0.05032   0.00979
   172/299        0G    0.0545   0.06711   0.01279    0.1344       352       640     0.768    0.4803    0.5765    0.2438   0.04648   0.05024  0.009615
   173/299        0G   0.05266   0.06599   0.01183    0.1305       343       640    0.7617    0.4773    0.5649    0.2409   0.04794   0.04968  0.009618
   174/299        0G   0.05416   0.06699    0.0123    0.1334       346       640    0.7587    0.4894    0.5734    0.2369   0.04701   0.05052  0.009429
   175/299        0G   0.05396   0.06479   0.01324     0.132       308       640    0.7687    0.4923    0.5778    0.2447   0.04679   0.05027  0.009474
   176/299        0G   0.05353   0.06713   0.01243    0.1331       279       640    0.7604     0.504    0.5911    0.2413   0.04629   0.05005  0.009444
   177/299        0G   0.05247   0.06622   0.01191    0.1306       364       640    0.7584    0.4811    0.5679    0.2406   0.04708    0.0496  0.009528
   178/299        0G   0.05258   0.06668   0.01227    0.1315       493       640    0.7892    0.4678    0.5724    0.2458   0.04688   0.04998  0.009504
   179/299        0G   0.05326   0.06567   0.01274    0.1317       290       640    0.7257    0.5061    0.5811    0.2484   0.04711   0.05013  0.009362
   180/299        0G   0.05379   0.06596    0.0126    0.1324       394       640    0.7554    0.4912    0.5784    0.2471   0.04595   0.04973  0.009178
   181/299        0G   0.05447   0.06618   0.01287    0.1335       414       640    0.7649    0.4885    0.5757    0.2386   0.04657   0.04958  0.009215
   182/299        0G   0.05426    0.0649   0.01308    0.1322       420       640    0.7203    0.4902    0.5614    0.2166    0.0475   0.04916  0.009159
   183/299        0G    0.0533   0.06369   0.01226    0.1292       388       640    0.7122    0.5066    0.5771    0.2392   0.04663   0.04942  0.009036
   184/299        0G   0.05278   0.06675   0.01234    0.1319       392       640     0.747      0.52    0.5986     0.263   0.04478   0.04972  0.008742
   185/299        0G    0.0535   0.06517   0.01214    0.1308       342       640    0.7181    0.5258    0.5919    0.2535   0.04568   0.04978  0.008822
   186/299        0G   0.05252   0.06641   0.01213    0.1311       409       640    0.7551    0.4831    0.5722    0.2414   0.04755   0.04875  0.008859
   187/299        0G   0.05218   0.06373   0.01195    0.1279       316       640    0.7567    0.5058    0.5963    0.2622    0.0452   0.04937   0.00908
   188/299        0G   0.05345   0.06505   0.01221    0.1307       377       640    0.7549    0.5182    0.6062    0.2508   0.04675   0.04921  0.008888
   189/299        0G   0.05355   0.06527   0.01226    0.1311       374       640    0.7844    0.4938    0.5941    0.2522   0.04556   0.04934  0.009129
   190/299        0G   0.05161   0.06489   0.01149     0.128       420       640    0.7743    0.5142     0.611     0.265   0.04442   0.04881  0.008839
   191/299        0G   0.05233   0.06729   0.01233    0.1319       436       640    0.7422    0.5521    0.6279    0.2728   0.04386   0.04856   0.00843
   192/299        0G   0.05236   0.06688   0.01211    0.1314       392       640    0.7454    0.5263    0.6149    0.2653    0.0451   0.04844  0.008383
   193/299        0G   0.05156   0.06402   0.01155    0.1271       390       640    0.7741    0.5271    0.6218     0.265   0.04486   0.04843  0.008399
   194/299        0G   0.05239    0.0654   0.01152    0.1293       334       640    0.7128    0.5285    0.6009    0.2483   0.04576   0.04759  0.008626
   195/299        0G   0.05169   0.06416   0.01169    0.1275       394       640    0.7813    0.5145    0.6137     0.267   0.04389    0.0485  0.008846
   196/299        0G   0.05143   0.06544   0.01178    0.1287       495       640    0.7467    0.5305    0.6205    0.2665   0.04467   0.04816  0.008482
   197/299        0G   0.05085   0.06428    0.0112    0.1263       373       640    0.7577     0.531     0.624    0.2663   0.04487    0.0476  0.008328
   198/299        0G   0.05156   0.06592   0.01172    0.1292       430       640    0.7412    0.5539    0.6309    0.2673   0.04391   0.04864  0.008593
   199/299        0G   0.05112   0.06333   0.01103    0.1255       373       640     0.786    0.5278    0.6277    0.2726   0.04404   0.04781   0.00821
   200/299        0G   0.05173   0.06269   0.01141    0.1258       383       640    0.7532    0.5299     0.617    0.2662   0.04499   0.04787  0.009015
   201/299        0G   0.05111    0.0631   0.01129    0.1255       339       640    0.7428    0.5614    0.6362    0.2781   0.04382   0.04773  0.008089
   202/299        0G   0.05114   0.06437    0.0111    0.1266       487       640    0.7298    0.5623    0.6378    0.2788   0.04317   0.04737  0.008243
   203/299        0G   0.05145   0.06485   0.01123    0.1275       488       640    0.8064    0.5337    0.6451    0.2725   0.04393   0.04707  0.008066
   204/299        0G   0.05045   0.06354   0.01073    0.1247       371       640    0.7332    0.5592    0.6368    0.2745   0.04414   0.04717  0.007898
   205/299        0G   0.05125   0.06615   0.01136    0.1288       401       640    0.7983    0.5292    0.6404     0.268   0.04459   0.04712  0.007967
   206/299        0G   0.05074    0.0642    0.0109    0.1258       368       640    0.7647    0.5616    0.6513    0.2864   0.04272   0.04687  0.007805
   207/299        0G   0.05051   0.06388   0.01091    0.1253       388       640    0.7513    0.5426    0.6287     0.258   0.04557   0.04694   0.00774
   208/299        0G    0.0502   0.06272    0.0102    0.1231       445       640    0.7902    0.5604    0.6584    0.2894   0.04271   0.04678  0.007672
   209/299        0G   0.05021   0.06374   0.01101     0.125       377       640    0.7647    0.5536    0.6474    0.2812   0.04325   0.04696  0.007989
   210/299        0G    0.0509   0.06348   0.01178    0.1262       359       640    0.7649    0.5711     0.659      0.29   0.04259   0.04696  0.007772
   211/299        0G   0.05026   0.06491   0.01099    0.1262       487       640    0.7806      0.56    0.6562    0.2885   0.04249   0.04675  0.007762
   212/299        0G   0.05102   0.06135   0.01115    0.1235       298       640    0.7623    0.5761    0.6627    0.2916   0.04199   0.04648  0.007604
   213/299        0G   0.04892   0.06395   0.01043    0.1233       370       640    0.7464    0.5788    0.6565    0.2887   0.04261   0.04721  0.007728
   214/299        0G   0.04958   0.06326   0.01067    0.1235       363       640    0.7526    0.5783    0.6594    0.2891   0.04269   0.04699  0.007537
   215/299        0G   0.04938   0.06242   0.01048    0.1223       452       640    0.7807    0.5753      0.67    0.2963   0.04214   0.04637  0.007451
   216/299        0G   0.04965   0.06497   0.01081    0.1254       512       640    0.7509    0.5762     0.662    0.2803   0.04369    0.0464  0.007413
   217/299        0G   0.04972   0.06335   0.01086    0.1239       370       640    0.7766    0.5623    0.6599    0.2891   0.04246   0.04637   0.00751
   218/299        0G    0.0491    0.0634   0.01021    0.1227       378       640     0.728    0.5699    0.6498    0.2826   0.04371   0.04626  0.007649
   219/299        0G   0.04931   0.06376    0.0108    0.1239       363       640    0.7139    0.5705    0.6423     0.275   0.04377   0.04642  0.007783
   220/299        0G   0.04956   0.06408   0.01086    0.1245       498       640    0.7856    0.5596    0.6617    0.2931   0.04263    0.0463  0.007611
   221/299        0G   0.04888   0.06237   0.00994    0.1212       409       640    0.7356    0.5959    0.6673    0.2917    0.0428   0.04614  0.007504
   222/299        0G   0.04914   0.06201   0.01062    0.1218       381       640    0.7722     0.569    0.6646     0.294   0.04224   0.04603  0.007581
   223/299        0G   0.05026   0.06222   0.01066    0.1231       333       640    0.7647    0.5799    0.6697    0.2893   0.04269   0.04591   0.00737
   224/299        0G   0.04986    0.0596   0.01052      0.12       294       640    0.7728    0.5825    0.6711     0.297   0.04195   0.04613  0.007243
   225/299        0G   0.04977   0.06473   0.01074    0.1252       405       640    0.7553    0.5848    0.6664    0.2975   0.04198   0.04608  0.007288
   226/299        0G   0.04927   0.06343   0.01059    0.1233       543       640    0.7745    0.5748    0.6703    0.2901   0.04288   0.04557  0.007138
   227/299        0G   0.04809   0.06139  0.009651    0.1191       303       640    0.7652    0.5932    0.6804    0.3024   0.04169   0.04571  0.007251
   228/299        0G   0.04905   0.06415   0.01033    0.1235       461       640    0.7921    0.5937    0.6904    0.3064   0.04105   0.04613  0.006992
   229/299        0G   0.04827   0.06254   0.01018     0.121       388       640    0.7773    0.6004    0.6908    0.3084   0.04093   0.04556  0.007001
   230/299        0G   0.04894   0.06165   0.01053    0.1211       431       640    0.8088    0.5904    0.6992    0.3107   0.04085   0.04537  0.006947
   231/299        0G   0.04941    0.0593   0.01071    0.1194       387       640    0.8044    0.5912    0.6976    0.3091   0.04093   0.04514  0.007212
   232/299        0G   0.04838    0.0603   0.01008    0.1188       435       640    0.7925    0.5852    0.6853    0.2969   0.04213   0.04558  0.006963
   233/299        0G   0.04818   0.05909   0.01003    0.1173       271       640     0.785    0.6072    0.6968    0.3119   0.04089    0.0453  0.006924
   234/299        0G   0.04914   0.06234    0.0104    0.1219       393       640    0.7759    0.5858    0.6792    0.2902   0.04223   0.04556  0.006939
   235/299        0G   0.04871   0.05975  0.009871    0.1183       302       640    0.7811    0.6024    0.6918    0.3065   0.04137   0.04506  0.006834
   236/299        0G   0.04806   0.06033  0.009648     0.118       393       640    0.7988    0.5987    0.6983    0.3174   0.04051   0.04499  0.006803
   237/299        0G   0.04771   0.05987  0.009552    0.1171       348       640    0.7893    0.6029    0.7022    0.3163   0.04067   0.04469  0.006722
   238/299        0G   0.04868   0.06153   0.01014    0.1203       359       640     0.783    0.6107    0.7032    0.3139   0.04078   0.04507  0.006716
   239/299        0G   0.04906   0.06178   0.01012    0.1209       382       640    0.7583    0.6094    0.6893    0.3022   0.04274   0.04511  0.006822
   240/299        0G    0.0472   0.05967  0.009526    0.1164       332       640    0.7862    0.5987    0.6992    0.3146   0.04075   0.04492  0.006897
   241/299        0G   0.04698    0.0616  0.009498    0.1181       480       640    0.7297    0.5895    0.6621    0.2788   0.04391    0.0445   0.00688
   242/299        0G   0.04818   0.06112   0.00966     0.119       339       640    0.7686    0.6117    0.7037    0.3134   0.04056    0.0445  0.006684
   243/299        0G   0.04743    0.0591  0.009417    0.1159       339       640    0.7678    0.6164    0.7013    0.3127   0.04071   0.04445  0.006738
   244/299        0G    0.0482   0.05985  0.009565    0.1176       305       640    0.7621    0.6052    0.6909    0.3048   0.04168    0.0443  0.006698
   245/299        0G   0.04734   0.06065  0.009576    0.1176       467       640    0.7828    0.6141    0.7055    0.3158   0.04038   0.04442   0.00671
   246/299        0G   0.04751   0.06047  0.009461    0.1174       332       640    0.7809    0.6113    0.7017    0.3108   0.04107   0.04475  0.006725
   247/299        0G   0.04811   0.06086  0.009488    0.1185       394       640    0.7913    0.6059    0.7029    0.3065   0.04126   0.04477  0.006804
   248/299        0G    0.0482   0.06055  0.009748    0.1185       411       640    0.7583    0.6064    0.6903    0.3052   0.04173   0.04429  0.006624
   249/299        0G   0.04749   0.06027  0.009513    0.1173       320       640    0.7734    0.6179    0.7052    0.3119   0.04076   0.04421  0.006568
   250/299        0G   0.04751   0.05944  0.009415    0.1164       350       640    0.7892    0.6339    0.7216    0.3243   0.03994   0.04454  0.006243
   251/299        0G   0.04827   0.06121  0.009994    0.1195       317       640    0.7873    0.6295     0.719    0.3209   0.03995   0.04433  0.006446
   252/299        0G   0.04706   0.05906   0.00898    0.1151       432       640    0.7855    0.6314    0.7178    0.3242   0.03961   0.04429  0.006551
   253/299        0G   0.04795   0.06087  0.009428    0.1183       288       640    0.7938     0.624    0.7205    0.3267   0.03959   0.04395  0.006576
   254/299        0G   0.04678   0.06095   0.00904    0.1168       445       640    0.8279    0.5937    0.7127    0.3121   0.04091   0.04389  0.006473
   255/299        0G    0.0474   0.06044  0.009513    0.1174       311       640    0.8101    0.6183    0.7271    0.3248   0.03984   0.04433  0.006048
   256/299        0G    0.0475   0.06137  0.009365    0.1182       433       640     0.813      0.61    0.7183    0.3216   0.04007   0.04433  0.006245
   257/299        0G   0.04779   0.05808   0.00951    0.1154       283       640    0.7823    0.6342    0.7266    0.3222   0.04019   0.04421  0.006054
   258/299        0G   0.04645   0.05979  0.009138    0.1154       369       640    0.7814    0.6419    0.7319    0.3267   0.03977   0.04385  0.006143
   259/299        0G   0.04726   0.05995  0.009301    0.1165       377       640    0.7985    0.6321    0.7292    0.3236   0.04004   0.04422   0.00608
   260/299        0G   0.04701   0.06022  0.009386    0.1166       414       640    0.8078    0.6386    0.7346    0.3314   0.03934   0.04422  0.006123
   261/299        0G   0.04678   0.05904  0.009201     0.115       326       640    0.8003    0.6365    0.7324    0.3315   0.03922   0.04408  0.005985
   262/299        0G   0.04682   0.05942  0.009309    0.1155       350       640    0.8194    0.6338    0.7389    0.3339   0.03935   0.04395  0.006071
   263/299        0G   0.04686    0.0585  0.009682     0.115       301       640    0.8205    0.6231    0.7335    0.3352   0.03885   0.04425   0.00608
   264/299        0G   0.04637   0.05916  0.009298    0.1148       380       640    0.8142    0.6401    0.7442    0.3344   0.03905   0.04392   0.00601
   265/299        0G   0.04694   0.05986  0.009214     0.116       397       640    0.8259    0.6305    0.7394    0.3333   0.03985   0.04371   0.00626
   266/299        0G   0.04695   0.05992  0.009453    0.1163       496       640    0.7715    0.6612    0.7391    0.3373   0.03881   0.04374  0.006257
   267/299        0G   0.04632   0.05946   0.00902    0.1148       315       640    0.7787    0.6554    0.7347    0.3311   0.03958   0.04345  0.006157
   268/299        0G   0.04634      0.06  0.008964    0.1153       444       640    0.7756    0.6604    0.7416    0.3377   0.03896   0.04338  0.005925
   269/299        0G   0.04643   0.06087  0.008953    0.1163       444       640    0.7762    0.6445    0.7314    0.3307   0.03952   0.04351   0.00611
   270/299        0G   0.04595   0.05793  0.008864    0.1127       375       640     0.815    0.6386    0.7442     0.343   0.03858   0.04356  0.005854
   271/299        0G   0.04621   0.05839  0.009045    0.1136       400       640    0.8089     0.639    0.7441    0.3372   0.03881   0.04325  0.005783
   272/299        0G   0.04709   0.05902  0.009657    0.1158       378       640    0.8127    0.6391      0.74    0.3345    0.0394   0.04298  0.005663
   273/299        0G   0.04614   0.05917  0.008986    0.1143       427       640    0.7803    0.6522    0.7361    0.3298      0.04   0.04274  0.005622
   274/299        0G   0.04588     0.058  0.008662    0.1125       399       640    0.8008     0.646    0.7428    0.3368   0.03958   0.04296  0.005671
   275/299        0G   0.04626   0.05916  0.008885    0.1143       514       640    0.8009    0.6502    0.7474    0.3385   0.03915   0.04345  0.005725
   276/299        0G   0.04642   0.05806  0.008971    0.1134       336       640    0.8271    0.6464    0.7558     0.346   0.03823   0.04311  0.005624
   277/299        0G   0.04611   0.05895  0.009128    0.1142       411       640     0.797    0.6478    0.7433    0.3369   0.03905   0.04328  0.005729
   278/299        0G   0.04626   0.06178  0.008844    0.1169       463       640    0.7859    0.6504    0.7383    0.3324    0.0393   0.04329  0.005681
   279/299        0G   0.04586   0.05923  0.008792    0.1139       413       640    0.8068    0.6494    0.7488     0.338   0.03911   0.04292  0.005764
   280/299        0G   0.04637   0.05817  0.008817    0.1134       355       640    0.7961    0.6627    0.7536    0.3459   0.03825   0.04299  0.005692
   281/299        0G    0.0456   0.05872  0.008676     0.113       343       640    0.7774    0.6505     0.733    0.3286   0.03957   0.04268  0.005659
   282/299        0G   0.04622   0.06005  0.009006    0.1153       426       640    0.8036    0.6508     0.745    0.3362   0.03913   0.04282  0.005634
   283/299        0G    0.0465    0.0583  0.009111    0.1139       461       640    0.8125    0.6634    0.7579    0.3513   0.03789   0.04333  0.005667
   284/299        0G    0.0457   0.05897  0.008654    0.1133       415       640    0.8169    0.6589    0.7601    0.3488   0.03795   0.04307  0.005592
   285/299        0G   0.04614   0.05701  0.008683    0.1118       321       640    0.8182     0.648    0.7549    0.3443   0.03852   0.04299  0.005565
   286/299        0G   0.04557   0.05905   0.00865    0.1133       434       640    0.7911     0.657    0.7496    0.3389   0.03895   0.04297  0.005622
   287/299        0G   0.04654   0.05837  0.009514    0.1144       342       640    0.8023     0.649    0.7483    0.3405    0.0393   0.04281  0.005476
   288/299        0G   0.04603   0.05731  0.008765    0.1121       375       640     0.805    0.6658    0.7578      0.35   0.03789   0.04319    0.0056
   289/299        0G   0.04558   0.05728   0.00867    0.1115       379       640    0.7939    0.6701    0.7576    0.3529   0.03788     0.043  0.005645
   290/299        0G   0.04553   0.05805  0.008501    0.1121       320       640    0.8079    0.6653    0.7606     0.349   0.03805   0.04288  0.005654
   291/299        0G   0.04517   0.05772  0.008513    0.1114       364       640    0.8287    0.6435    0.7529    0.3437   0.03866   0.04255  0.005647
   292/299        0G   0.04604   0.05909  0.008592    0.1137       450       640    0.7971    0.6751    0.7597    0.3523   0.03775   0.04257  0.005577
   293/299        0G    0.0457    0.0584  0.008566    0.1127       430       640    0.8217    0.6632    0.7644    0.3535   0.03778   0.04268  0.005604
   294/299        0G    0.0462   0.06008  0.008829    0.1151       490       640    0.8024     0.661    0.7552    0.3442   0.03842   0.04262  0.005666
   295/299        0G   0.04616   0.05977  0.008909    0.1148       408       640     0.812    0.6733    0.7634    0.3489   0.03788   0.04318  0.005492
   296/299        0G    0.0461   0.05845  0.008703    0.1133       295       640    0.8048    0.6755    0.7636    0.3456   0.03848   0.04314  0.005567
   297/299        0G   0.04485    0.0568  0.008257    0.1099       308       640    0.8034    0.6444    0.7438    0.3316   0.03971   0.04263  0.005546
   298/299        0G   0.04483   0.05995  0.007868    0.1127       448       640    0.8234    0.6379    0.7468    0.3238   0.04038    0.0426  0.005481
   299/299        0G   0.04628   0.05957  0.009294    0.1151       430       640    0.7922    0.6651    0.7549    0.3425   0.03867   0.04244  0.005478
