     0/299        0G    0.1155   0.02382         0    0.1394        62       640         0         0         0         0    0.1046   0.02142         0
     1/299        0G    0.1098   0.02014         0      0.13        45       640 0.0001832   0.05495 1.505e-05 2.048e-06    0.1012   0.01884         0
     2/299        0G    0.1092   0.01784         0     0.127        69       640 0.0001832   0.05495 1.295e-05 2.018e-06    0.1002   0.01709         0
     3/299        0G    0.1074   0.01659         0    0.1239        58       640 0.0002198   0.06593 1.575e-05   2.9e-06    0.0995   0.01604         0
     4/299        0G    0.1077   0.01477         0    0.1225        45       640 0.0001465   0.04396 7.432e-06 8.664e-07   0.09938   0.01533         0
     5/299        0G    0.1061   0.01515         0    0.1213        62       640 0.0001832   0.05495 1.125e-05 2.191e-06   0.09973   0.01477         0
     6/299        0G    0.1064   0.01409         0    0.1205        61       640 0.0002198   0.06593 1.629e-05 2.998e-06    0.1001   0.01426         0
     7/299        0G     0.106   0.01381         0    0.1198        64       640 0.0001832   0.05495 1.207e-05  1.73e-06    0.1005   0.01391         0
     8/299        0G    0.1065   0.01334         0    0.1199        62       640 0.0001832   0.05495 1.253e-05 1.955e-06    0.1006   0.01363         0
     9/299        0G    0.1049   0.01295         0    0.1179        52       640 0.0001832   0.05495 1.261e-05 1.783e-06    0.1002   0.01348         0
    10/299        0G     0.105   0.01346         0    0.1185        56       640 0.0001832   0.05495 1.241e-05 1.754e-06    0.1002   0.01328         0
    11/299        0G    0.1067    0.0127         0    0.1194        59       640 0.0001832   0.05495 1.307e-05 2.536e-06       0.1   0.01318         0
    12/299        0G    0.1051   0.01238         0    0.1175        57       640 0.0001832   0.05495 1.322e-05 2.062e-06   0.09985    0.0131         0
    13/299        0G    0.1059   0.01221         0    0.1181        52       640 0.0001465   0.04396 9.075e-06 1.018e-06   0.09998   0.01301         0
    14/299        0G    0.1055   0.01242         0    0.1179        65       640 0.0001832   0.05495 1.385e-05 2.429e-06   0.09986    0.0129         0
    15/299        0G    0.1039   0.01291         0    0.1168        65       640 0.0001832   0.05495 1.214e-05  3.04e-06   0.09994   0.01283         0
    16/299        0G    0.1052   0.01242         0    0.1177        63       640 0.0001099   0.03297 4.779e-06 1.514e-06    0.1001   0.01271         0
    17/299        0G     0.105   0.01233         0    0.1174        61       640 0.0001099   0.03297 4.689e-06 9.378e-07    0.1003   0.01265         0
    18/299        0G     0.105   0.01165         0    0.1167        55       640 0.0001466   0.04396 7.532e-06 1.305e-06   0.09996   0.01267         0
    19/299        0G    0.1055   0.01266         0    0.1182        62       640 0.0001099   0.03297 4.422e-06 1.558e-06   0.09989   0.01264         0
    20/299        0G    0.1042   0.01226         0    0.1165        66       640 0.0001099   0.03297 4.381e-06  1.62e-06   0.09959    0.0126         0
    21/299        0G    0.1049     0.012         0    0.1169        47       640 0.0001832   0.05495 1.126e-05 1.582e-06       0.1   0.01251         0
    22/299        0G    0.1045   0.01267         0    0.1172        59       640 0.0001465   0.04396 8.705e-06 2.222e-06   0.09979   0.01247         0
    23/299        0G     0.104   0.01211         0    0.1161        51       640 0.0001465   0.04396 1.077e-05 2.113e-06   0.09998   0.01242         0
    24/299        0G    0.1041   0.01214         0    0.1162        61       640 0.0001832   0.05495 1.578e-05 2.464e-06       0.1   0.01239         0
    25/299        0G    0.1057     0.012         0    0.1177        54       640 0.0001832   0.05495 1.237e-05  1.46e-06    0.1002   0.01239         0
    26/299        0G    0.1061    0.0117         0    0.1178        50       640 0.0001832   0.05495 1.726e-05 2.038e-06    0.1001   0.01236         0
    27/299        0G    0.1037   0.01177         0    0.1155        50       640 0.0001465   0.04396 9.533e-06 2.752e-06   0.09992   0.01233         0
    28/299        0G    0.1043   0.01179         0    0.1161        54       640 0.0001465   0.04396 9.325e-06 2.018e-06   0.09976   0.01233         0
    29/299        0G    0.1058   0.01183         0    0.1176        51       640 0.0001465   0.04396 9.526e-06 1.216e-06       0.1   0.01233         0
    30/299        0G    0.1038   0.01272         0    0.1165        61       640 0.0001465   0.04396 7.537e-06 1.248e-06       0.1   0.01239         0
    31/299        0G    0.1064   0.01199         0    0.1184        55       640 7.326e-05   0.02198 2.618e-06 2.618e-07    0.1005    0.0123         0
    32/299        0G    0.1047   0.01179         0    0.1165        60       640 0.0001465   0.04396 1.047e-05 2.014e-06   0.09957   0.01233         0
    33/299        0G    0.1035   0.01183         0    0.1154        57       640 0.0001832   0.05495 1.743e-05 3.826e-06    0.1001   0.01221         0
    34/299        0G    0.1046    0.0119         0    0.1165        58       640 0.0001465   0.04396 1.082e-05 1.887e-06    0.1005   0.01216         0
    35/299        0G    0.1043   0.01207         0    0.1164        50       640 0.0001465   0.04396 1.121e-05 1.936e-06    0.1005   0.01212         0
    36/299        0G    0.1019   0.01219         0    0.1141        56       640 0.0001832   0.05495 1.425e-05 3.375e-06    0.1003   0.01212         0
    37/299        0G    0.1058   0.01198         0    0.1177        52       640 0.0002198   0.06593 1.723e-05 2.631e-06    0.1004   0.01204         0
    38/299        0G    0.1036   0.01232         0    0.1159        72       640 0.0001465   0.04396 8.007e-06 2.266e-06    0.0998   0.01207         0
    39/299        0G    0.1041    0.0115         0    0.1156        58       640 0.0001832   0.05495 1.283e-05 2.327e-06   0.09967   0.01216         0
    40/299        0G    0.1044   0.01197         0    0.1164        59       640 0.0001473   0.04396 1.114e-05 1.301e-06   0.09939   0.01227         0
    41/299        0G    0.1034   0.01159         0     0.115        54       640 0.0001842   0.05495 1.479e-05  3.49e-06   0.09941   0.01226         0
    42/299        0G     0.104   0.01229         0    0.1163        62       640 0.0001101   0.03297 8.016e-06 1.603e-06   0.09918   0.01234         0
    43/299        0G    0.1033   0.01164         0    0.1149        42       640 0.0001853   0.05495 1.883e-05 2.825e-06   0.09901   0.01235         0
    44/299        0G    0.1018   0.01226         0     0.114        52       640  0.000152   0.04396 2.083e-05 4.047e-06   0.09864   0.01241         0
    45/299        0G   0.09992   0.01216         0    0.1121        55       640 0.0001523   0.04396 2.183e-05 5.772e-06   0.09756    0.0126         0
    46/299        0G   0.09898   0.01342         0    0.1124        70       640 0.0002788   0.07692 7.214e-05 1.319e-05   0.09739   0.01252         0
    47/299        0G   0.09748   0.01326         0    0.1107        62       640  0.000336   0.07692 9.147e-05 1.194e-05    0.0956   0.01298         0
    48/299        0G   0.09661   0.01396         0    0.1106        60       640 0.0002133   0.03297 2.298e-05 4.793e-06   0.09409   0.01321         0
    49/299        0G   0.09391   0.01345         0    0.1074        59       640 0.0005002   0.04396 4.102e-05 5.229e-06   0.09363   0.01322         0
    50/299        0G   0.08938   0.01483         0    0.1042        52       640  0.001253   0.08791 0.0001573 3.051e-05   0.08813   0.01405         0
    51/299        0G   0.08568   0.01591         0    0.1016        57       640         0         0         0         0   0.09801   0.01245         0
    52/299        0G   0.08479   0.01524         0       0.1        57       640 0.0004078   0.02198 1.982e-05  7.03e-06    0.0987   0.01242         0
    53/299        0G     0.082   0.01511         0   0.09711        56       640         0         0         0         0   0.09614   0.01259         0
    54/299        0G   0.08102    0.0156         0   0.09662        62       640  0.001112    0.0989 0.0007194 0.0001435   0.09849   0.01199         0
    55/299        0G   0.07742    0.0154         0   0.09282        66       640  0.002223    0.1868  0.001188 0.0002725   0.07764   0.01532         0
    56/299        0G   0.07579    0.0158         0   0.09159        50       640  0.001613   0.07692 0.0002667 7.448e-05   0.09284   0.01351         0
    57/299        0G   0.07575   0.01646         0    0.0922        55       640 0.0007728   0.02198 6.231e-05 1.078e-05    0.1088   0.01155         0
    58/299        0G   0.07248   0.01657         0   0.08905        52       640  0.002814    0.2198 0.0008041 0.0002082   0.07679   0.01501         0
    59/299        0G   0.07213   0.01649         0   0.08862        60       640 0.0004346   0.02198 1.242e-05 4.326e-06    0.0922   0.01254         0
    60/299        0G   0.07048   0.01668         0   0.08716        47       640  0.001351    0.3407 0.0006422 0.0001325    0.0823   0.01451         0
    61/299        0G   0.07047   0.01574         0   0.08621        47       640  0.002955   0.03297  0.000691 0.0002186   0.09615   0.01245         0
    62/299        0G   0.07125   0.01663         0   0.08788        50       640 0.0001739   0.03297 7.257e-06 2.642e-06    0.1078   0.01138         0
    63/299        0G   0.06647   0.01679         0   0.08325        57       640 0.0008664    0.2198 0.0002319 4.952e-05    0.1093   0.01174         0
    64/299        0G    0.0676   0.01646         0   0.08405        55       640   0.01777   0.01099 0.0006451 0.0001713    0.1202   0.01012         0
    65/299        0G     0.068   0.01744         0   0.08544        61       640  0.002451   0.01099 0.0001894 5.415e-05    0.1196   0.01048         0
    66/299        0G   0.06694   0.01726         0    0.0842        58       640  0.001146    0.2418 0.0003295 5.154e-05   0.08843   0.01277         0
    67/299        0G   0.06568   0.01698         0   0.08266        56       640  0.008766   0.01099  0.000776 0.0001319    0.1181   0.01113         0
    68/299        0G    0.0654   0.01578         0   0.08117        51       640  0.001712   0.01099 0.0001217  2.93e-05    0.1315   0.01206         0
    69/299        0G   0.06266   0.01669         0   0.07935        68       640  0.002774    0.1648 0.0009444 0.0001539    0.1191   0.01215         0
    70/299        0G   0.06291   0.01615         0   0.07905        56       640  0.001436   0.01099 0.0001093 2.171e-05    0.1143   0.01216         0
    71/299        0G   0.06541   0.01676         0   0.08217        65       640  0.008819   0.01099  0.001104 0.0001888    0.1155   0.01035         0
    72/299        0G   0.06251   0.01447         0   0.07698        40       640    0.1554   0.05495   0.03438  0.008677   0.09919   0.01208         0
    73/299        0G   0.06106   0.01527         0   0.07633        58       640    0.1634    0.3077   0.08566   0.02373   0.06752   0.01446         0
    74/299        0G   0.05887   0.01578         0   0.07465        60       640    0.3433    0.4725    0.2761   0.08022   0.06008   0.01435         0
    75/299        0G   0.06099   0.01444         0   0.07543        58       640    0.3376    0.4835    0.2771   0.08252   0.05917    0.0143         0
    76/299        0G   0.06033   0.01481         0   0.07514        51       640  0.003179   0.03297 0.0001915 3.807e-05    0.1283   0.03187         0
    77/299        0G   0.06002   0.01441         0   0.07443        66       640    0.1549   0.05495   0.02403  0.007027     0.111   0.01163         0
    78/299        0G   0.05582    0.0141         0   0.06992        53       640    0.1472   0.07692   0.04615   0.01597   0.06744   0.01484         0
    79/299        0G   0.05939   0.01405         0   0.07344        57       640 0.0006393   0.01099 1.829e-05   2.8e-06     0.125   0.03135         0
    80/299        0G   0.05734    0.0138         0   0.07114        71       640    0.4087    0.5495    0.3828    0.1141   0.05423   0.01362         0
    81/299        0G   0.05681   0.01414         0   0.07095        61       640    0.2247    0.1319   0.09517   0.03451   0.06472   0.01434         0
    82/299        0G   0.06076   0.01265         0   0.07341        71       640     0.213    0.5275    0.1964   0.05249   0.06385   0.01375         0
    83/299        0G   0.05606   0.01326         0   0.06932        50       640     0.132    0.4286   0.09818   0.03311    0.0563   0.01421         0
    84/299        0G   0.05648   0.01311         0   0.06959        67       640   0.02625   0.01099 0.0006952 0.0002151    0.1033   0.01221         0
    85/299        0G   0.05648   0.01248         0   0.06896        56       640   0.09271    0.1868   0.06175   0.01788   0.07135   0.01417         0
    86/299        0G   0.05722    0.0131         0   0.07032        62       640   0.01103   0.05495  0.001954 0.0003923     0.118   0.02924         0
    87/299        0G   0.05485    0.0129         0   0.06775        56       640     0.994   0.02198   0.02685  0.006018    0.1175   0.04634         0
    88/299        0G   0.05323   0.01258         0   0.06581        50       640    0.1994   0.07692   0.04923   0.01488   0.09497   0.01177         0
    89/299        0G   0.05671   0.01176         0   0.06847        53       640    0.2606    0.1319   0.08436     0.029     0.099   0.01311         0
    90/299        0G   0.05333   0.01224         0   0.06557        51       640     0.302    0.2527    0.1988    0.0484   0.07333   0.01414         0
