     0/299        0G    0.1191   0.07679    0.0636    0.2594       947       640 1.337e-05  0.001825 3.977e-07 6.358e-08    0.1066   0.07643   0.06184
     1/299        0G    0.1148   0.07965   0.06302    0.2575      1055       640 1.515e-05  0.002068 4.818e-07 8.187e-08    0.1046   0.07797   0.06028
     2/299        0G    0.1138   0.07591   0.06175    0.2515       955       640 1.248e-05  0.001703 2.975e-07 4.379e-08     0.104   0.07726    0.0584
     3/299        0G     0.114   0.07745    0.0614    0.2528       929       640 1.604e-05   0.00219 4.572e-07 6.977e-08    0.1039   0.07662   0.05695
     4/299        0G    0.1135   0.08115    0.0603    0.2549      1178       640 1.693e-05  0.002311 5.076e-07 9.095e-08    0.1038    0.0762   0.05567
     5/299        0G    0.1125   0.07811   0.05971    0.2503      1048       640 1.426e-05  0.001946 3.597e-07 6.332e-08    0.1034   0.07596   0.05449
     6/299        0G    0.1131   0.07616   0.05942    0.2487      1047       640 1.693e-05  0.002311 5.192e-07  8.28e-08    0.1033   0.07571   0.05355
     7/299        0G    0.1127   0.07659   0.05901    0.2483       940       640 1.783e-05  0.002433   5.6e-07 1.019e-07    0.1035   0.07551   0.05277
     8/299        0G    0.1124   0.07744   0.05862    0.2484       963       640 1.515e-05  0.002068 4.158e-07 7.167e-08    0.1034   0.07538   0.05211
     9/299        0G    0.1125    0.0812   0.05883    0.2525      1049       640 1.783e-05  0.002433  5.89e-07 1.049e-07    0.1035    0.0753   0.05163
    10/299        0G    0.1118   0.07746   0.05867    0.2479      1040       640 1.337e-05  0.001825 3.221e-07 6.438e-08    0.1034   0.07526   0.05128
    11/299        0G    0.1109   0.07707   0.05788    0.2459       980       640 1.604e-05   0.00219  4.53e-07 7.875e-08    0.1033   0.07517   0.05086
    12/299        0G    0.1109   0.07522   0.05732    0.2434       930       640 1.604e-05   0.00219 4.621e-07 8.081e-08    0.1034   0.07496   0.05046
    13/299        0G    0.1116    0.0788   0.05797    0.2484      1251       640 1.515e-05  0.002068 4.231e-07 7.814e-08    0.1035   0.07481   0.05017
    14/299        0G    0.1116   0.07779   0.05685    0.2463      1135       640 1.604e-05   0.00219 4.847e-07  8.27e-08    0.1035   0.07465   0.04984
    15/299        0G    0.1116   0.07954   0.05712    0.2483       873       640 1.515e-05  0.002068 4.405e-07 7.887e-08    0.1035   0.07468   0.04957
    16/299        0G    0.1111   0.07739   0.05721    0.2457       959       640 1.515e-05  0.002068 4.671e-07 7.577e-08    0.1033    0.0748   0.04932
    17/299        0G     0.111   0.08036   0.05687    0.2482       969       640 1.515e-05  0.002068 4.897e-07 7.751e-08    0.1033   0.07479   0.04903
    18/299        0G    0.1114   0.07742   0.05539    0.2442      1016       640 1.519e-05  0.002068 4.702e-07 8.616e-08    0.1035   0.07461    0.0487
    19/299        0G    0.1113   0.07987   0.05567    0.2469      1168       640 1.429e-05  0.001946 4.013e-07 7.207e-08    0.1035   0.07441   0.04842
    20/299        0G    0.1114   0.07708   0.05557    0.2441      1085       640 1.518e-05  0.002068 4.411e-07 6.838e-08    0.1035   0.07425   0.04814
    21/299        0G    0.1114   0.07846   0.05502    0.2449      1051       640 1.612e-05   0.00219 5.051e-07  7.69e-08    0.1036   0.07403   0.04785
    22/299        0G    0.1105   0.07969   0.05639    0.2466       939       640 0.0006839  0.002496 7.277e-06 3.459e-06    0.1038   0.07411   0.04784
    23/299        0G    0.1105     0.078   0.05467    0.2432      1044       640         0         0         0         0    0.1037   0.07389   0.04778
    24/299        0G      0.11   0.07922   0.05492    0.2442       982       640 2.109e-05  0.001946 5.385e-07  7.46e-08    0.1035   0.07393   0.04761
    25/299        0G    0.1106   0.08109   0.05521    0.2469      1083       640 2.131e-05  0.002555 7.238e-07  9.65e-08    0.1038    0.0735   0.04749
    26/299        0G    0.1111   0.07765   0.05539    0.2442      1031       640 0.0001404   0.00274 1.925e-06 2.174e-07     0.104   0.07344   0.04739
    27/299        0G    0.1102   0.07985   0.05538    0.2454       961       640    0.0026 0.0001217 1.418e-05 1.461e-06    0.1037   0.07367   0.04727
    28/299        0G    0.1095   0.08017   0.05547    0.2451       967       640 2.016e-05  0.002555 6.563e-07 1.009e-07    0.1038   0.07359   0.04724
    29/299        0G    0.1103   0.07819   0.05439    0.2429      1104       640 2.165e-05  0.002676 9.564e-07 1.329e-07    0.1038    0.0735    0.0472
    30/299        0G    0.1105   0.08079    0.0559    0.2472       959       640 2.508e-05 0.0009732 4.056e-07 7.668e-08    0.1039   0.07368   0.04714
    31/299        0G    0.1108   0.07995   0.05444    0.2452      1067       640 3.786e-05  0.000365  5.91e-07  7.86e-08    0.1038   0.07352   0.04698
    32/299        0G      0.11    0.0774    0.0531    0.2405       922       640 0.0001566 0.0005498 1.706e-06 1.813e-07    0.1038   0.07328   0.04673
    33/299        0G    0.1098   0.08111    0.0538    0.2447      1072       640 2.783e-05  0.000365   2.7e-07 7.972e-08    0.1038    0.0733   0.04654
    34/299        0G    0.1107   0.07892   0.05548    0.2451      1037       640 1.451e-05 0.0001217 1.009e-07 1.009e-08    0.1039   0.07345   0.04651
    35/299        0G      0.11   0.07891   0.05433    0.2433      1032       640 0.0002586 0.0004913 2.501e-06 5.379e-07    0.1037   0.07337   0.04645
    36/299        0G    0.1099   0.08173   0.05507    0.2467      1039       640 0.0001619 0.0001848 1.629e-06 1.629e-07    0.1038    0.0732   0.04654
    37/299        0G      0.11   0.07667   0.05514    0.2418       790       640  0.000291 0.0001848 1.791e-06 5.178e-07    0.1039   0.07302   0.04653
    38/299        0G    0.1096   0.07739   0.05395     0.241       964       640 0.0003734 0.0002494 2.903e-06 1.127e-06    0.1038   0.07312   0.04657
    39/299        0G      0.11   0.07752   0.05439    0.2419       942       640         0         0         0         0    0.1038   0.07322   0.04648
    40/299        0G    0.1099   0.07757   0.05432    0.2418       928       640         0         0         0         0    0.1038   0.07299    0.0466
    41/299        0G    0.1098    0.0804   0.05442    0.2446      1110       640         0         0         0         0    0.1039   0.07286    0.0466
    42/299        0G    0.1096   0.07939   0.05328    0.2423      1065       640         0         0         0         0    0.1036     0.073   0.04629
    43/299        0G    0.1095   0.07958   0.05304    0.2421      1041       640         0         0         0         0    0.1036   0.07288   0.04608
    44/299        0G    0.1103   0.07734   0.05598    0.2436       918       640         0         0         0         0     0.104   0.07269   0.04628
    45/299        0G    0.1091   0.07874   0.05433    0.2421       948       640         0         0         0         0    0.1039   0.07259   0.04637
    46/299        0G    0.1102   0.07762   0.05446    0.2423      1046       640         0         0         0         0    0.1038   0.07264   0.04632
    47/299        0G    0.1092   0.07852    0.0528    0.2405      1049       640         0         0         0         0    0.1036   0.07259   0.04612
    48/299        0G     0.109   0.07693   0.05288    0.2388       883       640         0         0         0         0    0.1036   0.07257   0.04585
    49/299        0G    0.1104   0.07749   0.05492    0.2428      1106       640 9.683e-06 0.0001217 6.161e-08 6.161e-09    0.1038   0.07287   0.04574
    50/299        0G    0.1092   0.07576    0.0534    0.2384       977       640 6.868e-05  0.003163 3.042e-06 3.709e-07    0.1035   0.07277   0.04568
    51/299        0G    0.1089   0.07959   0.05245     0.241      1075       640 6.458e-05  0.006448 4.833e-06 6.302e-07    0.1033   0.07276    0.0455
    52/299        0G    0.1088   0.08088   0.05374    0.2435       927       640 4.657e-05  0.006083 5.584e-06 7.269e-07    0.1033    0.0737    0.0454
    53/299        0G    0.1091   0.07822   0.05438    0.2417       995       640   0.00014  0.007849 7.091e-06 9.492e-07    0.1032   0.07199   0.04548
    54/299        0G    0.1092   0.07793   0.05401    0.2412       923       640 4.968e-05  0.006569  4.51e-06 5.754e-07     0.103   0.07356   0.04511
    55/299        0G     0.108   0.07669    0.0533    0.2379       994       640 5.582e-05  0.007421 5.417e-06 7.625e-07    0.1029   0.07383   0.04487
    56/299        0G    0.1079   0.07591   0.05279    0.2366      1021       640 6.383e-05  0.003406 3.112e-06 4.252e-07     0.103   0.07609   0.04445
    57/299        0G    0.1075    0.0784   0.05362    0.2395      1183       640 7.374e-05   0.00365 6.894e-06 9.574e-07    0.1021   0.07363   0.04449
    58/299        0G    0.1087   0.07577   0.05355     0.238      1051       640 0.0006279   0.01048 1.339e-05 2.525e-06    0.1015   0.07185   0.04442
    59/299        0G    0.1078   0.07899   0.05365    0.2404      1094       640 7.048e-05  0.004501 6.622e-06  1.01e-06    0.1017   0.07406   0.04429
    60/299        0G    0.1068   0.07964   0.05372    0.2401       979       640 5.936e-05  0.005596 5.877e-06  9.11e-07    0.1022   0.07564   0.04372
    61/299        0G    0.1063   0.07613   0.05192    0.2343      1084       640 0.0002791   0.01199 1.751e-05 2.969e-06    0.1004   0.07176     0.044
    62/299        0G    0.1067   0.07902   0.05278    0.2385       911       640 5.111e-05  0.006934 4.632e-06 7.675e-07    0.1038   0.07685     0.043
    63/299        0G    0.1067   0.07611   0.05292    0.2357       890       640  7.49e-05  0.005231 1.002e-05  1.43e-06    0.1029    0.0765   0.04311
    64/299        0G    0.1062   0.07727   0.05284    0.2363      1125       640 0.0001962  0.003771 2.581e-05  4.55e-06   0.09998   0.07202   0.04379
    65/299        0G    0.1064   0.07657   0.05491    0.2379      1117       640 0.0006557  0.004447 2.355e-05 4.299e-06    0.1011   0.07449   0.04384
    66/299        0G    0.1054   0.07892   0.05255    0.2369       937       640  0.001936    0.0161  8.55e-05  1.53e-05    0.1002     0.073    0.0434
    67/299        0G    0.1054   0.07477    0.0526    0.2327      1181       640    0.2041  0.002676 0.0002974  5.27e-05   0.09755    0.0713   0.04395
    68/299        0G    0.1054   0.07718   0.05334     0.236      1041       640    0.2046  0.002311 0.0003015 5.539e-05   0.09762    0.0715   0.04403
    69/299        0G    0.1045   0.07834   0.05178    0.2346       932       640  0.001722   0.01858 0.0004324 8.068e-05   0.09848   0.07149    0.0432
    70/299        0G    0.1047   0.07965   0.05233    0.2367       998       640    0.2038  0.004136 0.0005818 0.0001119    0.0968   0.07148   0.04364
    71/299        0G    0.1042    0.0782   0.05153    0.2339      1125       640     0.103  0.004015 0.0004126  7.15e-05   0.09695   0.07099     0.044
    72/299        0G    0.1039   0.07499   0.05073    0.2296      1051       640    0.2021  0.003906 0.0001356 3.071e-05    0.1005    0.0731   0.04377
    73/299        0G     0.105   0.07694   0.05233    0.2342      1051       640    0.1019  0.005001 0.0001581 3.146e-05   0.09861   0.07075   0.04278
    74/299        0G    0.1043   0.07599   0.05103    0.2313      1041       640    0.4045  0.004015 0.0007201 0.0001374   0.09742   0.07212   0.04344
    75/299        0G     0.104   0.07561   0.05244    0.2321      1098       640    0.7051  0.002311 0.0004907 8.875e-05   0.09822   0.07036   0.04245
    76/299        0G     0.104   0.07566    0.0533    0.2329       986       640    0.3053  0.004501  0.000482  8.22e-05   0.09662   0.07058   0.04261
    77/299        0G     0.103   0.07485   0.05182    0.2296       942       640     0.305  0.003406 0.0004223 0.0001015   0.09696   0.07277    0.0416
    78/299        0G    0.1021    0.0767   0.05065    0.2294       847       640    0.8198  0.003771  0.002525 0.0008507   0.09435   0.06988   0.04225
    79/299        0G    0.1014    0.0722   0.04864    0.2222      1027       640  0.003772   0.05828  0.003019 0.0009966   0.09445   0.06946   0.04239
    80/299        0G    0.1018   0.07464   0.05089    0.2273      1029       640  0.004899   0.03204  0.002512 0.0008093   0.09383   0.07014   0.04227
    81/299        0G    0.1014   0.07417   0.04961    0.2252      1081       640    0.1107   0.01319  0.002177 0.0005495   0.09369   0.06705   0.04329
    82/299        0G    0.1014   0.07413   0.05034    0.2259      1071       640    0.1097     0.021  0.001712 0.0003812   0.09441   0.06742   0.04451
    83/299        0G    0.1003   0.07199   0.04901    0.2213       906       640    0.1117   0.02997  0.004101 0.0009286   0.09247   0.06684   0.04154
    84/299        0G     0.101   0.07306   0.04937    0.2235      1049       640    0.1115   0.02721  0.004078 0.0008599    0.0924     0.066   0.04107
    85/299        0G   0.09907   0.07348   0.04707    0.2196      1045       640    0.1155   0.02103   0.00325  0.000747   0.09209   0.06498   0.04017
    86/299        0G   0.09896   0.07392   0.04742    0.2203       967       640    0.1199   0.02581   0.00504  0.001419    0.0917   0.06465   0.03895
    87/299        0G    0.0993   0.07312   0.04682    0.2192       900       640    0.1155   0.03314  0.002283 0.0004283   0.09221   0.06568   0.03935
    88/299        0G   0.09967   0.07138    0.0471    0.2181       962       640     0.123   0.02858  0.005404  0.001252   0.09266   0.06494   0.03766
    89/299        0G    0.0983   0.07136   0.04534     0.215       870       640    0.1142   0.04044  0.003785 0.0007062   0.09335   0.06566   0.03865
    90/299        0G   0.09896   0.06886   0.04568    0.2135       954       640    0.1209   0.03175  0.004009 0.0008342   0.09288   0.06771   0.03649
    91/299        0G   0.09769   0.07377   0.04523    0.2167      1061       640    0.1181   0.02431  0.003534 0.0008231   0.09449    0.0692    0.0361
    92/299        0G   0.09831   0.07167   0.04516    0.2151      1144       640    0.1226   0.03257  0.005237 0.0009863   0.09509   0.06647   0.03507
    93/299        0G   0.09664   0.07319   0.04309    0.2129      1069       640    0.1123   0.04177  0.003313 0.0008045    0.0995   0.06974   0.03548
    94/299        0G   0.09603   0.07315    0.0421    0.2113       987       640    0.1159   0.02927  0.003041 0.0008836     0.091   0.06876   0.03332
    95/299        0G   0.09633   0.07046   0.04094    0.2077      1076       640    0.1346   0.04216  0.007183  0.001578   0.09065   0.06399   0.03249
    96/299        0G   0.09699   0.07153    0.0411    0.2096      1033       640     0.126   0.04529  0.005877  0.001093   0.09063   0.06436   0.03308
    97/299        0G   0.09647   0.06815   0.04051    0.2051       939       640    0.1256   0.03769  0.005775  0.001264   0.09132   0.06591   0.03291
    98/299        0G   0.09696   0.07613   0.04138    0.2145      1020       640    0.1334     0.042   0.00639  0.001575    0.0889   0.06525   0.03168
    99/299        0G   0.09569   0.07064   0.03992    0.2062       860       640    0.1349   0.04388  0.008055  0.001797   0.08951   0.06343    0.0314
   100/299        0G   0.09632   0.07399   0.04149    0.2118      1027       640    0.1418   0.05354  0.008808  0.002225   0.08974   0.06504   0.03283
   101/299        0G    0.0963   0.07132   0.03963    0.2073      1008       640    0.1246   0.08263  0.008666  0.001599   0.08815   0.06417   0.02999
   102/299        0G   0.09468   0.07104   0.03893    0.2047       987       640    0.1358   0.05017  0.008448  0.001827   0.08859   0.06444   0.03171
   103/299        0G   0.09489   0.07209   0.03862    0.2056      1006       640    0.1338   0.04624  0.006754  0.001553   0.08727   0.06652   0.03126
   104/299        0G   0.09494   0.07131   0.03883    0.2051       902       640   0.02517   0.05168  0.006935  0.001427    0.0863   0.06637   0.02841
   105/299        0G   0.09467   0.07111   0.03925     0.205      1021       640    0.1321   0.05251  0.006647  0.001468   0.08679    0.0674   0.03057
   106/299        0G   0.09497   0.06957    0.0375     0.202      1021       640    0.1368   0.07911   0.01377  0.003079    0.0889    0.0631   0.02851
   107/299        0G   0.09535   0.06963   0.03739    0.2024      1076       640     0.133    0.0463  0.006112  0.001266   0.08521   0.06758   0.02723
   108/299        0G   0.09319   0.06942   0.03625    0.1989      1134       640    0.1215   0.07797  0.009225  0.002048   0.08984   0.06434   0.03085
   109/299        0G   0.09189   0.07315   0.03521    0.2003       987       640     0.137   0.06861   0.01203  0.002839   0.08531   0.06436    0.0287
   110/299        0G   0.09401   0.07101    0.0373    0.2023       930       640    0.1281   0.05931  0.007073  0.001761   0.09046   0.06542   0.03138
   111/299        0G   0.09347    0.0721   0.03733    0.2029       868       640   0.02643   0.06267    0.0102  0.002374   0.08691   0.06488   0.02979
   112/299        0G   0.09404   0.07177   0.03684    0.2027       901       640    0.1382   0.04472   0.01097  0.002702   0.08501   0.06525   0.02773
   113/299        0G   0.09246   0.07052   0.03618    0.1992      1087       640    0.1411    0.0711   0.01393  0.003167   0.08422   0.06573   0.02847
   114/299        0G   0.09168   0.07175   0.03597    0.1994       932       640    0.1434   0.07286    0.0146  0.002988   0.08612   0.06392   0.02859
   115/299        0G    0.0921   0.07126   0.03509    0.1984      1034       640    0.1474   0.08813   0.01437    0.0029   0.08263   0.07252   0.02668
   116/299        0G   0.09208   0.07354   0.03537     0.201      1201       640    0.1557   0.07017   0.02032  0.004147   0.08469   0.06074    0.0265
   117/299        0G   0.09205   0.07051   0.03514    0.1977       987       640     0.146   0.05981   0.01544  0.003517   0.08751   0.06386   0.03044
   118/299        0G   0.09156   0.07141   0.03502     0.198      1195       640    0.1606   0.07952   0.02255  0.005019   0.08118   0.06202   0.02534
   119/299        0G   0.09062   0.07104   0.03478    0.1964       993       640    0.1394    0.0652   0.01437  0.003107   0.08928   0.06372   0.02877
   120/299        0G    0.0912   0.06914   0.03523    0.1956       884       640    0.1487   0.08506   0.02083  0.004334   0.08377   0.06288   0.02639
   121/299        0G   0.09174   0.07265   0.03496    0.1994      1020       640     0.154   0.09216   0.02165  0.004843   0.08232   0.06437   0.02546
   122/299        0G    0.0911   0.07191   0.03349    0.1965      1106       640    0.1495   0.06919   0.01605  0.003601   0.08691   0.06521   0.02906
   123/299        0G   0.09129   0.07031   0.03427    0.1959      1129       640     0.159   0.09913   0.02623  0.005559    0.0807   0.06175   0.02503
   124/299        0G    0.0897   0.07069   0.03373    0.1941      1065       640    0.1394   0.07491   0.01566  0.003064   0.08542    0.0634   0.02652
   125/299        0G   0.09034   0.06798    0.0343    0.1926       994       640    0.1452   0.05953   0.01186  0.002393   0.08627    0.0794   0.02654
   126/299        0G   0.09084   0.07129   0.03515    0.1973      1039       640    0.1582   0.09541   0.02776  0.006711   0.08087   0.06085   0.02495
   127/299        0G   0.08941   0.07438   0.03334    0.1971      1001       640    0.1745    0.0693   0.02249  0.005083   0.08087   0.06316   0.02634
   128/299        0G   0.09061   0.07119   0.03434    0.1961      1070       640   0.07068    0.1007   0.02581  0.006269   0.08297   0.06412   0.02516
   129/299        0G   0.08867   0.07323    0.0321     0.194      1074       640    0.1687   0.07481   0.02528  0.006178   0.08172   0.06304   0.02591
   130/299        0G   0.08957   0.07236   0.03461    0.1965      1019       640     0.153   0.07972   0.01935   0.00496    0.0844   0.06603    0.0293
   131/299        0G   0.08875   0.07241   0.03377    0.1949       961       640    0.1155   0.08782   0.03176  0.007628   0.07834   0.06237   0.02408
   132/299        0G   0.08891   0.07038   0.03415    0.1934      1059       640   0.09084    0.1088   0.03573  0.008078   0.07835   0.06212   0.02396
   133/299        0G   0.08872   0.06899    0.0332    0.1909      1003       640    0.1128    0.1069   0.03148  0.007239   0.07919   0.06388   0.02357
   134/299        0G   0.08863   0.07065   0.03313    0.1924      1005       640    0.1681   0.09398   0.02823  0.007282   0.08219   0.06362   0.02483
   135/299        0G   0.08811   0.06844   0.03326    0.1898      1019       640   0.09779    0.1164   0.02887  0.006286   0.08104   0.06468   0.02306
   136/299        0G   0.08844   0.06871   0.03187     0.189      1122       640    0.1049    0.1128   0.04075  0.009138   0.07735   0.05907   0.02278
   137/299        0G   0.09024   0.07022   0.03382    0.1943      1021       640   0.08786    0.1343   0.04381  0.009908   0.07739   0.05928   0.02259
   138/299        0G   0.08864   0.07232   0.03258    0.1935       990       640   0.09174   0.09985   0.03363   0.00772   0.07787   0.06199   0.02262
   139/299        0G     0.088   0.06797   0.03191    0.1879      1045       640    0.1134    0.1079   0.04009  0.009745   0.07698   0.06053    0.0225
   140/299        0G     0.087     0.069   0.03145    0.1874      1026       640   0.07662    0.1484   0.03601  0.008223   0.07653   0.06062   0.02213
   141/299        0G     0.087   0.07035   0.03265      0.19      1142       640   0.06202    0.1362   0.04073  0.009896   0.07883   0.06321   0.02218
   142/299        0G    0.0872   0.07055   0.03113    0.1889      1066       640   0.07915    0.1391   0.04053  0.008846   0.07626   0.06086   0.02184
   143/299        0G   0.08501   0.06855   0.03152    0.1851       879       640   0.09444    0.1249   0.03601  0.008595   0.07638   0.06173   0.02202
   144/299        0G   0.08688    0.0697   0.03164    0.1882      1010       640   0.07642     0.148   0.04336   0.01001   0.07519   0.06028   0.02288
   145/299        0G   0.08734   0.07189   0.03105    0.1903      1117       640   0.09483    0.1393   0.04123  0.009803    0.0772    0.0623   0.02309
   146/299        0G   0.08654    0.0685   0.03179    0.1868       908       640   0.08707    0.1349    0.0435  0.009598    0.0746   0.06086   0.02171
   147/299        0G    0.0853   0.06948   0.03223     0.187       973       640   0.09739    0.1309    0.0474   0.01127   0.07707   0.06008   0.02232
   148/299        0G   0.08478   0.06657   0.02993    0.1813       985       640    0.1021    0.1205   0.04825    0.0116   0.07711   0.06018    0.0222
   149/299        0G   0.08465   0.07062   0.02986    0.1851      1029       640   0.09815    0.1551   0.05537   0.01335   0.07541     0.058   0.02113
   150/299        0G   0.08543   0.06789   0.03128    0.1846       899       640    0.1077     0.139   0.05359   0.01266   0.07473   0.05822   0.02102
   151/299        0G   0.08583   0.06513   0.03071    0.1817      1141       640    0.1025    0.1377   0.03939  0.008101   0.07475   0.06384   0.02105
   152/299        0G   0.08549   0.06798   0.03099    0.1845       950       640     0.105    0.1423   0.04437    0.0107   0.07429   0.06035   0.02128
   153/299        0G   0.08342   0.06815   0.02954    0.1811       924       640    0.1216    0.1321   0.05644   0.01311   0.07366   0.05766   0.02107
   154/299        0G   0.08486   0.06966   0.03046     0.185       980       640    0.1027    0.1666   0.05645   0.01319   0.07334   0.05918     0.021
   155/299        0G    0.0857   0.06795   0.03085    0.1845      1091       640     0.107    0.1583   0.05505   0.01282   0.07488   0.05824   0.02076
   156/299        0G   0.08532   0.06749   0.03235    0.1852      1069       640    0.1107    0.1511   0.05682   0.01412   0.07237   0.05839     0.021
   157/299        0G   0.08484   0.07081   0.03078    0.1864      1009       640    0.1077    0.1549    0.0523   0.01192   0.07242   0.05974   0.02079
   158/299        0G   0.08471    0.0661   0.03037    0.1812      1062       640    0.1023    0.1648   0.05316   0.01191   0.07314   0.05871   0.02071
   159/299        0G   0.08325   0.06906   0.03014    0.1824      1034       640   0.09899    0.1571   0.05279   0.01226   0.07666   0.05961   0.02105
   160/299        0G   0.08519   0.06913   0.03084    0.1852      1071       640    0.1025    0.1465   0.05403   0.01352    0.0744   0.05889    0.0213
   161/299        0G   0.08356   0.06401   0.03013    0.1777      1186       640    0.1109    0.1445   0.04813   0.01148   0.07536   0.05882    0.0221
   162/299        0G   0.08346   0.06948   0.03005     0.183      1037       640    0.1042    0.1525   0.05257   0.01221    0.0753   0.06006    0.0209
   163/299        0G   0.08298   0.06772   0.02954    0.1802       928       640    0.1174   0.08636    0.0374  0.008896   0.07762   0.06497   0.02401
   164/299        0G   0.08343   0.06987   0.02956    0.1829      1040       640    0.1441     0.107   0.05377    0.0138   0.07622   0.06134   0.02261
   165/299        0G   0.08287   0.06896   0.02937    0.1812      1066       640    0.1479    0.1251   0.05842   0.01502   0.07505   0.05992    0.0216
   166/299        0G   0.08359   0.06727   0.02858    0.1794      1211       640    0.1097    0.1674   0.06094   0.01382   0.07306   0.05773   0.02053
   167/299        0G   0.08326   0.06846   0.02939    0.1811       921       640    0.1208    0.1319   0.05364   0.01346   0.07266   0.06129   0.02091
   168/299        0G   0.08126   0.06822   0.02813    0.1776      1012       640    0.1315    0.1196   0.05366   0.01253   0.07403   0.06125   0.02183
   169/299        0G   0.08299   0.06755   0.02983    0.1804      1041       640    0.1629    0.1312   0.07042   0.01661   0.07215    0.0573   0.02033
   170/299        0G   0.08081   0.06713   0.02833    0.1763       999       640    0.1422    0.1549    0.0734   0.01833   0.07136   0.05746   0.01995
   171/299        0G    0.0825   0.06847   0.02908      0.18      1083       640    0.1153    0.1824   0.07198   0.01729   0.07065    0.0562   0.01975
   172/299        0G   0.08229   0.06716   0.03058      0.18       958       640    0.1445    0.1701   0.08098   0.02058   0.07015   0.05707   0.01975
   173/299        0G   0.08164   0.06697   0.02899    0.1776       940       640    0.1681    0.1742   0.08725   0.02112   0.06915   0.05665   0.01904
   174/299        0G   0.08054   0.06758   0.02796    0.1761       932       640    0.1773    0.1766   0.08884   0.02142   0.06852   0.05839   0.01904
   175/299        0G   0.08082   0.06539   0.02888    0.1751      1047       640    0.1654    0.1772   0.09155   0.02312   0.06842   0.05616   0.01914
   176/299        0G   0.08176   0.06817   0.02881    0.1787      1257       640    0.1647    0.1734   0.08796   0.02344   0.06848   0.05581   0.01912
   177/299        0G   0.08055    0.0664   0.02909     0.176      1001       640    0.1767    0.1786   0.09196   0.02339   0.06855   0.05556   0.01909
   178/299        0G   0.08099   0.06765   0.02768    0.1763      1012       640    0.1799    0.1989    0.1063   0.02777   0.06787   0.05554   0.01893
   179/299        0G   0.08059   0.06571   0.02874     0.175       944       640    0.1659     0.187   0.09656   0.02431    0.0671   0.05563   0.01916
   180/299        0G   0.08037   0.06726   0.02815    0.1758       927       640    0.1617    0.2182    0.1044    0.0268   0.06746   0.05497    0.0187
   181/299        0G   0.08093   0.06592   0.02806    0.1749      1068       640    0.1578    0.1937   0.09577   0.02342   0.06734   0.05502   0.01916
   182/299        0G   0.08019   0.06508    0.0279    0.1732      1222       640    0.1631    0.1848    0.1024   0.02575   0.06699   0.05491   0.01887
   183/299        0G   0.07933    0.0651   0.02894    0.1734      1037       640    0.1773    0.1758    0.1018   0.02685   0.06876   0.05498   0.01963
   184/299        0G    0.0794   0.06678   0.02821    0.1744       921       640    0.1591    0.1613   0.08789   0.02243   0.07176   0.05421   0.01948
   185/299        0G   0.07894   0.06603   0.02788    0.1728       947       640    0.1781    0.1795     0.103   0.02691   0.06806   0.05478   0.01892
   186/299        0G    0.0781   0.06461   0.02762    0.1703       963       640    0.1787    0.1813    0.1022   0.02709   0.06795   0.05567   0.01911
   187/299        0G   0.07873   0.06563   0.02692    0.1713      1129       640     0.158     0.143    0.0787   0.02007   0.07351    0.0563   0.01958
   188/299        0G    0.0787   0.06645   0.02842    0.1736      1055       640    0.1519     0.166    0.0896   0.02313   0.06982   0.05485   0.01925
   189/299        0G   0.07862   0.06443   0.02716    0.1702      1029       640    0.1688    0.1692   0.09097   0.02342   0.07001   0.05426   0.01937
   190/299        0G    0.0782   0.06368   0.02809      0.17      1088       640    0.2011    0.1892    0.1119   0.02911   0.06712   0.05306    0.0186
   191/299        0G   0.07697   0.06693   0.02699    0.1709       994       640    0.1507    0.2118    0.1037    0.0274   0.06654   0.05342   0.01864
   192/299        0G    0.0775   0.06425   0.02762    0.1694      1205       640    0.1881    0.2122    0.1188   0.03121   0.06475   0.05234   0.01813
   193/299        0G   0.07904   0.06518   0.02803    0.1723      1020       640    0.2036    0.2181    0.1308   0.03459   0.06492    0.0521   0.01791
   194/299        0G   0.07724   0.06821   0.02684    0.1723      1226       640    0.1967     0.203     0.122   0.03092   0.06667   0.05296   0.01798
   195/299        0G   0.07818   0.06588   0.02752    0.1716      1093       640    0.1954    0.1979    0.1202   0.03112   0.06549   0.05385   0.01811
   196/299        0G   0.07603   0.06574   0.02657    0.1683      1027       640    0.1954    0.2211    0.1022   0.02591   0.06421   0.05685   0.01806
   197/299        0G   0.07713     0.065    0.0265    0.1686      1084       640    0.1928    0.2223    0.1271   0.03289   0.06382   0.05269    0.0179
   198/299        0G   0.07542   0.06449   0.02695    0.1669       953       640    0.1942    0.2129    0.1194   0.02936   0.06344   0.05229    0.0177
   199/299        0G   0.07716   0.06196    0.0268    0.1659       975       640    0.2211     0.232    0.1417   0.03897   0.06222   0.05229   0.01761
   200/299        0G   0.07594   0.06374   0.02669    0.1664       930       640    0.2152    0.2337    0.1437   0.03885   0.06213   0.05179   0.01763
   201/299        0G   0.07495   0.06403   0.02628    0.1653       974       640    0.2171    0.2267    0.1486   0.04111   0.06174   0.05104   0.01751
   202/299        0G   0.07581   0.06339   0.02575     0.165       851       640    0.1973    0.2358      0.14   0.03569   0.06475   0.05099   0.01757
   203/299        0G   0.07677   0.06225   0.02684    0.1659       973       640    0.2442    0.2305     0.156   0.04344   0.06228   0.05133    0.0174
   204/299        0G   0.07635   0.06289   0.02641    0.1657      1001       640    0.2526    0.2259    0.1598   0.04212   0.06213   0.05148   0.01732
   205/299        0G   0.07564   0.06352   0.02642    0.1656      1118       640    0.2566    0.2263    0.1585   0.04211   0.06318    0.0507   0.01743
   206/299        0G   0.07683   0.06359   0.02762     0.168      1008       640    0.2383    0.2283    0.1526   0.04209    0.0613   0.05087   0.01743
   207/299        0G   0.07539    0.0631   0.02629    0.1648      1006       640    0.2279     0.256    0.1585   0.04311   0.06171   0.05077   0.01755
   208/299        0G   0.07464   0.05991   0.02495    0.1595       977       640    0.2072    0.2685    0.1565   0.04264   0.06202   0.05066   0.01756
   209/299        0G   0.07592   0.06412   0.02708    0.1671      1066       640    0.2244    0.2861     0.169    0.0491   0.06038   0.05129   0.01724
   210/299        0G   0.07458   0.06201   0.02603    0.1626      1058       640    0.2201    0.2415    0.1556   0.04023   0.06411   0.05004   0.01717
   211/299        0G   0.07506   0.05971    0.0269    0.1617      1021       640    0.2509    0.2583    0.1718   0.04766   0.06077   0.05043    0.0171
   212/299        0G   0.07479   0.06302     0.026    0.1638       961       640    0.2311    0.2646     0.174   0.05022   0.06041   0.05062   0.01698
   213/299        0G   0.07405   0.06334   0.02564     0.163      1114       640    0.2215    0.2839    0.1782   0.05035   0.06063   0.04986   0.01694
   214/299        0G   0.07322   0.06277   0.02572    0.1617      1108       640    0.2532    0.2472    0.1765   0.04849   0.05977   0.04999   0.01686
   215/299        0G    0.0734    0.0616   0.02534    0.1603      1016       640     0.216    0.2535    0.1678   0.04496   0.06151   0.04933   0.01695
   216/299        0G   0.07466    0.0637   0.02584    0.1642      1096       640    0.2236    0.2707    0.1761   0.04965    0.0609   0.04922   0.01681
   217/299        0G   0.07353   0.06261   0.02544    0.1616      1140       640    0.2556     0.284    0.1903   0.05564   0.05962   0.04951   0.01683
   218/299        0G   0.07264   0.06133   0.02571    0.1597      1121       640    0.2519    0.2718    0.1811   0.05331   0.05973   0.04986   0.01682
   219/299        0G   0.07315   0.06082   0.02596    0.1599       952       640    0.2797    0.2544     0.191   0.05378   0.05926   0.04887   0.01657
   220/299        0G    0.0736   0.06136   0.02523    0.1602      1067       640    0.2743    0.2312    0.1675   0.04387    0.0615   0.04992   0.01653
   221/299        0G   0.07292   0.06392   0.02431    0.1611       946       640    0.2608    0.2818    0.1972   0.05571   0.05866   0.04864   0.01655
   222/299        0G   0.07243   0.06261   0.02525    0.1603      1013       640    0.2927    0.2602    0.2014   0.05883   0.05829    0.0487   0.01652
   223/299        0G   0.07361    0.0614   0.02548    0.1605      1049       640    0.3017    0.2479    0.1964   0.05665   0.05875   0.04877   0.01663
   224/299        0G   0.07261   0.06091     0.026    0.1595       926       640    0.3032    0.2258    0.1865   0.05216   0.05874   0.04888   0.01656
   225/299        0G   0.07154   0.06001   0.02441     0.156      1092       640    0.2658    0.2772     0.194   0.05549   0.05887   0.04809   0.01638
   226/299        0G   0.07103   0.05898   0.02467    0.1547      1062       640    0.2238     0.286    0.1771   0.04748   0.06118   0.04696   0.01633
   227/299        0G   0.07276   0.06033   0.02467    0.1578      1133       640    0.2851    0.2765     0.208   0.06018   0.05872   0.04967   0.01626
   228/299        0G   0.07324   0.06137   0.02538      0.16      1194       640    0.2783    0.2769    0.2051   0.05685    0.0597   0.04863   0.01617
   229/299        0G   0.07319   0.06141   0.02534    0.1599      1072       640    0.2541    0.2738    0.1924   0.05268   0.05981   0.04688   0.01615
   230/299        0G   0.07264   0.06119    0.0257    0.1595       956       640    0.2492     0.294      0.21   0.05915   0.05789   0.04758   0.01614
   231/299        0G    0.0719   0.05944   0.02444    0.1558       906       640    0.3232    0.2676    0.2261   0.06547   0.05796   0.04755   0.01592
   232/299        0G   0.07088   0.05876   0.02435     0.154       997       640    0.3062    0.2808    0.2235   0.06606   0.05762   0.04729   0.01589
   233/299        0G   0.07171   0.06092   0.02487    0.1575       876       640    0.3015    0.2719    0.2162   0.06322   0.05738   0.04832   0.01585
   234/299        0G   0.07043   0.06194   0.02371    0.1561      1023       640     0.267    0.2961    0.2129   0.06317   0.05693   0.04791   0.01605
   235/299        0G   0.06902   0.05986   0.02371    0.1526       945       640    0.2616    0.3064    0.2188    0.0652   0.05691   0.04717   0.01587
   236/299        0G   0.07136   0.06098     0.024    0.1563      1106       640    0.2386      0.33    0.2128   0.05963   0.05765   0.04684   0.01576
   237/299        0G   0.06922   0.05925   0.02418    0.1527      1077       640    0.2919    0.3117    0.2364   0.06817   0.05747   0.04742   0.01586
   238/299        0G   0.06963     0.058   0.02349    0.1511      1072       640     0.313    0.2903    0.2315   0.06829   0.05755   0.04721   0.01597
   239/299        0G   0.07013    0.0606   0.02461    0.1553      1067       640      0.28    0.3347    0.2413   0.07232    0.0569   0.04736   0.01576
   240/299        0G   0.07115    0.0595    0.0252    0.1559       933       640    0.3003    0.3046    0.2369   0.07245   0.05674    0.0473   0.01572
   241/299        0G    0.0699   0.05849   0.02375    0.1521      1012       640    0.3076     0.281    0.2314   0.07152   0.05581   0.04728   0.01583
   242/299        0G   0.06951    0.0594   0.02336    0.1523       986       640    0.2904     0.308    0.2359   0.07106   0.05602   0.04747   0.01577
   243/299        0G   0.06943   0.05964     0.024    0.1531       940       640    0.2997    0.2937     0.238   0.06732   0.05586   0.04753    0.0157
   244/299        0G   0.06951   0.05962   0.02344    0.1526       922       640    0.2778    0.3393    0.2411   0.07228   0.05575   0.04695   0.01552
   245/299        0G   0.07153   0.05908   0.02523    0.1558       902       640    0.3091    0.3136    0.2453   0.07126   0.05645   0.04664   0.01544
   246/299        0G   0.06958   0.06094   0.02425    0.1548       933       640    0.3185    0.3049    0.2438   0.07318   0.05611   0.04697   0.01548
   247/299        0G   0.06942   0.06033   0.02341    0.1532      1099       640    0.3021    0.2984    0.2347   0.06922   0.05626    0.0465   0.01549
   248/299        0G   0.06893   0.05878   0.02314    0.1509      1013       640    0.2808    0.3421    0.2434   0.07214   0.05697   0.04643    0.0156
   249/299        0G   0.07007   0.05896   0.02445    0.1535       957       640     0.349    0.3058    0.2582   0.07821   0.05497   0.04585    0.0153
   250/299        0G   0.07015   0.05853   0.02438    0.1531      1011       640    0.3283    0.3073    0.2524   0.07642    0.0554   0.04562   0.01541
   251/299        0G   0.07006   0.05729   0.02432    0.1517       939       640    0.2857    0.3484     0.259    0.0784    0.0549   0.04585   0.01524
   252/299        0G   0.07013   0.06035   0.02404    0.1545       836       640    0.3156    0.3098     0.251   0.07174   0.05683   0.04547   0.01516
   253/299        0G   0.06955   0.05932    0.0237    0.1526      1052       640    0.2422    0.2897    0.1925    0.0481   0.06056   0.04548   0.01557
   254/299        0G   0.06852    0.0591   0.02347    0.1511       962       640    0.3011    0.2998    0.2462   0.07371   0.05713   0.04587   0.01514
   255/299        0G   0.06962   0.05978   0.02385    0.1532       903       640    0.3181    0.2794    0.2306   0.06851   0.05717   0.04601   0.01532
   256/299        0G   0.06964   0.05681   0.02291    0.1494       934       640    0.2927    0.3472    0.2642   0.08167   0.05459   0.04571    0.0151
   257/299        0G   0.06897   0.05941   0.02357     0.152      1012       640    0.3188    0.3076    0.2534   0.07529    0.0554   0.04521   0.01508
   258/299        0G   0.06947   0.05908   0.02451    0.1531      1032       640    0.3236    0.2928    0.2441   0.07082   0.05702   0.04485   0.01502
   259/299        0G   0.06745   0.05797   0.02283    0.1482      1073       640    0.3207    0.3375     0.274   0.08541   0.05524   0.04558   0.01501
   260/299        0G    0.0697   0.05791   0.02385    0.1515      1043       640    0.3326    0.3331    0.2799   0.08915   0.05424   0.04572   0.01481
   261/299        0G   0.06888   0.06035   0.02402    0.1532      1005       640    0.3395    0.3286    0.2808   0.08721   0.05391   0.04586   0.01476
   262/299        0G   0.06921    0.0597   0.02435    0.1533      1128       640    0.3379    0.3263    0.2807    0.0899   0.05422   0.04542   0.01471
   263/299        0G   0.06815   0.05577    0.0236    0.1475       912       640     0.341    0.3332    0.2786   0.08759   0.05383   0.04536    0.0147
   264/299        0G   0.06737   0.05723   0.02292    0.1475      1080       640    0.3193    0.3408    0.2756   0.08677   0.05336   0.04551   0.01463
   265/299        0G   0.06981   0.05738   0.02344    0.1506       846       640     0.366    0.3225    0.2843   0.08625   0.05338   0.04491   0.01446
   266/299        0G   0.06763   0.05767   0.02316    0.1485      1022       640     0.333    0.3439    0.2777   0.08143   0.05359   0.04533    0.0146
   267/299        0G   0.06816   0.05745   0.02266    0.1483       893       640    0.3873    0.3101    0.2818    0.0869   0.05379   0.04509   0.01481
   268/299        0G   0.06725   0.05789   0.02255    0.1477      1086       640    0.3392    0.3511    0.2957   0.09343   0.05316   0.04471   0.01465
   269/299        0G   0.06699   0.05678   0.02241    0.1462       974       640     0.346    0.3483    0.2948    0.0958   0.05338   0.04475   0.01464
   270/299        0G   0.06783   0.05705    0.0221     0.147      1090       640    0.3806     0.314    0.2928   0.09573   0.05293   0.04544   0.01453
   271/299        0G   0.06838   0.05573   0.02179    0.1459      1093       640     0.352    0.3425    0.2984   0.09621    0.0529   0.04512   0.01446
   272/299        0G   0.06826   0.05763   0.02247    0.1484      1108       640     0.362    0.3176    0.2907   0.09192   0.05308   0.04394   0.01449
   273/299        0G   0.06789   0.05794   0.02315     0.149      1043       640    0.3245    0.3557    0.2942   0.09344   0.05304   0.04417   0.01456
   274/299        0G   0.06742   0.06006   0.02253      0.15      1051       640    0.3648    0.3157    0.2861   0.09045   0.05356   0.04411   0.01456
   275/299        0G   0.06757   0.05762   0.02207    0.1473      1186       640    0.3009    0.3524    0.2715   0.08272    0.0542   0.04346   0.01442
   276/299        0G   0.06723   0.05472   0.02277    0.1447       990       640    0.3447    0.3611    0.3053   0.09829    0.0522   0.04426   0.01438
   277/299        0G   0.06762   0.05659    0.0232    0.1474       959       640    0.3653    0.3337    0.2989    0.0951    0.0535   0.04421   0.01425
   278/299        0G   0.06669   0.05744   0.02162    0.1458      1094       640    0.3854    0.3236    0.3011   0.09882   0.05236   0.04423   0.01427
   279/299        0G   0.06626   0.05508   0.02209    0.1434      1088       640    0.3541    0.3284    0.2834   0.08315   0.05444   0.04343   0.01438
   280/299        0G   0.06677   0.05512   0.02238    0.1443      1167       640    0.3672    0.3304    0.2987   0.09773   0.05331   0.04337   0.01418
   281/299        0G   0.06657   0.05776   0.02195    0.1463      1036       640    0.3523    0.3539    0.3131    0.1037   0.05243   0.04357   0.01426
   282/299        0G   0.06657   0.05784   0.02268    0.1471      1061       640    0.4007    0.3446    0.3157    0.1021   0.05194   0.04405   0.01433
   283/299        0G   0.06716   0.05897   0.02251    0.1486      1116       640     0.364    0.3709    0.3177    0.1036   0.05177   0.04451   0.01413
   284/299        0G   0.06834   0.05497   0.02279    0.1461       939       640    0.3914    0.3508    0.3229    0.1091   0.05142   0.04415   0.01403
   285/299        0G   0.06612   0.05844   0.02185    0.1464      1006       640    0.3849    0.3493     0.319    0.1038   0.05207   0.04362   0.01397
   286/299        0G   0.06644   0.05482   0.02139    0.1426       985       640    0.4183     0.333    0.3283      0.11   0.05164   0.04383   0.01405
   287/299        0G   0.06604   0.05464   0.02171    0.1424       947       640     0.355    0.3777    0.3186    0.1063   0.05184   0.04358   0.01393
   288/299        0G    0.0674   0.05498    0.0224    0.1448       837       640    0.3775    0.3555    0.3264    0.1064   0.05172   0.04351    0.0139
   289/299        0G   0.06637   0.05583   0.02165    0.1439      1020       640    0.3867    0.3613    0.3285    0.1093   0.05095   0.04326   0.01378
   290/299        0G   0.06549   0.05731   0.02123     0.144       963       640    0.3636    0.3447    0.3154    0.1038   0.05205   0.04303   0.01384
   291/299        0G    0.0659   0.05552   0.02177    0.1432       948       640    0.3473    0.3713    0.3243     0.107   0.05191   0.04309   0.01374
   292/299        0G    0.0653   0.05584   0.02083     0.142       990       640    0.4525     0.331    0.3437    0.1151    0.0513   0.04312   0.01365
   293/299        0G   0.06642   0.05588   0.02247    0.1448       923       640    0.3995    0.3528    0.3311    0.1091   0.05076     0.043   0.01368
   294/299        0G   0.06581   0.05626   0.02178    0.1438      1014       640    0.3992     0.381    0.3441    0.1155   0.05079    0.0432   0.01361
   295/299        0G   0.06471   0.05547    0.0215    0.1417       884       640    0.4164    0.3474    0.3293    0.1062   0.05127   0.04385   0.01384
   296/299        0G   0.06705   0.05488   0.02164    0.1436       991       640    0.3832    0.3732    0.3379    0.1099   0.05098   0.04323   0.01369
   297/299        0G    0.0653   0.05683   0.02153    0.1437      1071       640    0.3659    0.3887    0.3373    0.1114   0.05183   0.04309   0.01356
   298/299        0G   0.06666   0.05751   0.02151    0.1457      1078       640    0.4008    0.3646    0.3507    0.1191   0.05065   0.04297   0.01342
   299/299        0G    0.0659   0.05526    0.0217    0.1429       875       640    0.3573     0.406    0.3495    0.1181   0.05084   0.04287   0.01336
